71.99645553
0.009476115
1.482682845
89.3856903
42.15604629
62.72603344
48.101281130000004
25.88121101
0.0
0.005461412
47.29745886
89.9942216
43.99779107
35.73067969
51.9492095
68.66485602
36.8010179
49.32533443
38.44123722
56.54643364
48.06816643
89.99942249
56.48832592
34.51333007
61.37974263
36.81073728
33.40928804
0.0
78.59104593
24.151908840000004
0.17771259400000003
44.84086598
59.16529498
18.31282586
60.505725289999994
54.63525068
45.06064991
0.0
54.39086320999999
83.44277553
46.55684973
42.67319224
34.04289257
57.734608269999995
37.47614582
49.49332001
59.37607219
36.52880887
55.1410402
0.013720133
0.0
34.86753044
42.83025423
0.008182737
63.83070672
78.85100654
45.00164597
41.51631832
62.92737768
16.5757745
52.42659679
23.86245176
68.16080452
57.44312499
0.012280822
44.85331071
88.97509163
42.19134157
40.37815235
37.49740015
3.085682684
41.18764978
89.75394916
53.15729114
82.39169035
0.0
71.66417028
48.88191435
78.22171953
57.72477901
88.79342862
84.7713984
74.46594524
82.81039771
47.63846728
57.59365823
53.74670216
33.14638821
51.76515401000001
56.29777869
31.45771909
21.31996129
39.13319313
46.37939016
20.01799469
49.1957454
44.32075905
50.69483595999999
53.70391285
30.076704299999996
0.009429237
22.20383864
52.85856382
63.115701910000006
66.2788172
36.26193243
37.758814
30.13519636
23.82735727
18.37065932
68.80697214
0.0
75.98543846
41.60544432
57.27289256
64.8509228
38.77139551
47.09006559
41.50715834
0.011630926
46.86744431
65.26671772
46.63021912
35.26037305
36.03322245
76.26605011
0.0
0.015377208
71.69804037
53.6873308
54.76854895
57.43374388
37.13583145
45.8022111
46.49113357000001
89.99686799
69.34389213
0.010182074
55.56030124
33.80544129
38.24903104
38.20030008
54.69101793
48.85696294
37.1610727
88.6013249
37.75405914
32.4586105
36.5884732
36.67580414
85.79303051
34.29913271
24.71251348
38.36885536
35.52805655
54.68852864
67.22960942
61.11585025
36.61893052
0.0
49.86815051
14.836770130000001
55.92156236
0.041832476
41.61491021
35.5541117
42.07908916
65.82308462
32.25435717
0.036653358
80.3801038
0.0
71.93896924
76.87195605
0.00862744
53.88341110999999
27.77860141
79.34211016
88.8521562
27.87415874
70.56516919
45.18799452
83.80981725
77.9099085
56.0504355
35.80799157
54.65259841
57.72843192
39.8342409
56.76236021
85.71307807
58.079615800000006
36.76222104
61.83848215999999
83.64195085
30.345490630000004
58.96619664
89.98623144
46.03860306
62.46127657
64.59363135
52.28441945
52.67906847
57.021121269999995
51.09325733
0.0
35.38324225
48.82588424
39.57368868
45.82536578
36.90784549
48.43624868
53.56202936
44.36525713
0.011841927
53.80103358
45.75384644
60.17204339
21.27185265
61.06845064
89.96783025
61.98973127
57.09404634
43.94573911
34.61238236
55.07428286999999
59.44441301
46.33349957
5.309440349
57.66926954
55.05979104000001
55.8182908
33.42466173
0.004360326
70.24366519
0.0
43.99301815
52.31504798
18.70630092
67.73699002
48.11633306
36.13805256
36.28643349
0.0
49.57769056
54.36015850999999
72.35343439
45.47109663
43.69198997
0.350665986
0.0
22.81779186
89.40024141
45.70838812
19.1699458
13.31886837
38.67471976
40.68875371
52.408881769999994
39.02132965
67.70733492
46.55746978
0.0
68.13627669
29.318308919999996
32.03607704
31.42196982
85.0881887
45.91970821
54.83558942
1.006740649
38.72452845
35.45585517
0.0
41.89945277
18.46332952
64.05696785
62.09709648
58.7505973
89.40883348
56.3680164
52.9445643
45.85456522999999
55.27861066999999
37.01840222
65.01516273
22.658878010000002
74.09684574
46.34419862
45.7449386
89.70289887
48.53287664
89.9956878
33.21493123
56.459371309999995
41.95703113
60.02228483
46.24905688
33.48263732
0.0
13.257820620000002
54.54552492
46.22341984999999
43.18003669
29.71109557
53.25779846
36.05085447
0.027930134
57.508759790000006
37.00704402
50.55838116
52.71922275000001
75.32448378
21.64302533
64.17268139
89.66273721
0.102358256
57.113606239999996
67.27900317
73.14512642
0.035145993
53.16177701
54.75210743
35.21931554
53.98721749
50.33825111
12.9201807
34.76761757
50.296633
0.0
51.80088625
58.80400515
51.01149802
38.74651423
48.55090479
89.98273358
35.17656349
0.030018508
35.63509318
0.019626816
37.793508
34.67431341
86.65358679
43.64031267
86.5425679
31.77285929
0.868335403
0.0
66.55480876
36.90449463
31.6603378
53.23039422
68.486237
0.0
46.97241152000001
63.54863048
29.42089303
58.99134691
67.40279247
56.76786722
38.21684724
35.19280941
31.6182572
0.0
34.68128246
89.99788609
35.78912168
89.99568799
0.0
46.95815077999999
74.75247678
64.88642918
48.5802504
35.76748941
66.58225705
41.08526187
47.38375079000001
43.69353852
45.23840377
0.0
43.85789137
48.81428548000001
55.4816063
45.044556709999995
70.86080512
89.84990772
42.27795511
38.30751536
59.150168550000004
49.14843819
35.26805907
50.67032078
33.66658977
55.11157707000001
31.543110100000003
75.7901698
53.59563774
54.73380995
13.62317216
38.28849598
28.152988520000005
0.0
86.77148966
30.61515556
0.098532092
74.12925096
0.0
67.29676529
49.12999160999999
87.99627257
0.0
42.32577
64.32049105
79.40790289
48.361023
31.001426199999997
35.71198607
37.06076867
85.51337183
66.32838829
71.75082464
64.36527133
35.57397236
52.98021453
22.77795524
39.10856329
49.67882898
36.19414222
53.58197414999999
61.52036725000001
0.021808836
53.32050026
54.838778430000005
36.51344319
54.14010326
0.0
0.027000809
50.33678576
23.567110499999995
71.41144575
47.38756006
35.52564265
49.6331424
0.0
82.8267941
34.12652137
38.62953188
86.72556337
35.63351864
51.01187127
0.004614476
56.91427269
62.100008859999996
64.9802074
75.10257848
28.29629078
44.59225339
0.305953887
64.73168222
35.96254629
36.37737748
54.91799068
33.3396129
55.60500609
0.0
50.09755489
25.71877926
65.69618506
35.25700321
36.37425865
57.33677872999999
54.40840577
86.44534755
37.99492052
35.55841242
76.51072664
22.19469362
44.52654984
89.40294257
52.43345741
0.004547084
62.02434383
25.12254849
53.36771668
20.28421201
41.31364835
56.528338860000005
0.004448871
57.41254898
56.325911160000004
44.65129816
0.0
44.43254556
10.47789415
0.19481820799999996
3.720066891
0.0
51.29308906000001
22.55480309
0.0
61.402302969999994
49.85938681
66.14677956
35.84413246
0.0
47.62605938
39.92334239
27.93633117
76.6332702
68.43477823
70.13644397
46.46684831000001
46.48430344
0.071435965
