72.5111607949068
4.720392838700826
3.6656460114676643
67.1793636098636
41.21508971880206
55.67890265467722
48.6106050725301
7.0504512204598395
8.015126925116947
3.74873596011963
44.666428037024836
88.3234719674281
44.28553327716973
38.66261202129442
51.465963356384805
74.34451866885628
37.9843080876086
46.37456893094094
46.64458460733927
55.18077140097986
46.25122184067649
85.75015402853631
53.71039088226289
39.68654104938913
56.248105932504224
38.5462260595818
40.586589027514925
5.565503978997642
81.28034983298039
24.402130326107677
6.858800389686123
43.01218592130186
56.25193572329088
27.661592915989655
51.62395012550436
54.484170260524444
44.263507866052784
31.16869508057878
51.603082872884656
76.15083728779561
40.78330817449782
42.03538765175076
28.19694226808437
55.510396551915285
37.88136873997917
49.78659499623554
72.83609950448148
39.34029198173659
53.17699170265024
22.14656317127753
5.571302568497093
32.6951390128182
44.539377265361026
6.216251790123816
59.32398591351201
72.32004704391768
46.733556576581954
42.54511786747691
64.55676914234812
36.682031986885804
50.315879498804584
33.71093210345641
68.29755081160563
68.03054349265807
9.594979069825326
51.49306328761157
73.88192544383381
54.51012116170779
41.172240841564886
39.263087750059825
17.24131588395065
43.134923629959744
80.09117786022436
55.25757658389224
76.32119468288056
4.558180233398905
71.7945377772952
50.11195886413369
74.96433179535298
65.4932444317401
79.81974602494056
82.91008441317273
64.00403592495523
76.21241150254075
46.235924780991255
61.37918750940044
52.902761505187655
35.943641043733145
48.574223676852895
58.01502317571024
37.68839264108354
29.621962147760716
45.5114904380052
50.40733018368344
13.867020333683236
46.691637038540584
43.33715508813386
50.3376914463216
52.72021211760045
35.5280943080767
-0.7282780104271624
25.54485880816357
33.605957084794525
51.903315811109614
55.24581687777891
37.52329968647049
38.835891010618546
30.233559046761965
28.179840285497967
15.720522709461042
68.14757174355287
9.363300713609172
79.80094674728124
41.86923931434173
58.34560934296039
54.6741518701937
39.85237452246709
44.452314828881306
44.87039921672377
-3.893844543795212
48.23253253848344
62.4042862733306
46.28160818896024
35.98247806148068
37.73214648903734
56.624025068674136
4.209419946019644
44.651921908007054
59.49928696276769
51.63217180652312
52.4660760585605
57.41941615667028
39.06253195484757
45.62747223110859
46.12974879567136
87.23255402244311
49.68574589545207
0.19729290747567574
67.6822055882112
36.73716837757718
39.01862854187916
38.7917464693642
53.685073454871976
47.361524331293055
38.28708188487854
97.00505832562673
38.58961712140794
40.07832960714747
36.1205066710181
39.489075807977166
81.15184601166294
37.33387797161048
6.765499057731959
38.93173439285705
37.149357487802355
62.73738331197106
66.3179938026512
53.830286165426166
36.44868559603073
3.4706185924008737
63.28017512886619
23.07955944202097
56.57502053362719
-2.0796656755512624
44.358854128064166
32.01159701180927
44.58787754716921
68.73290075175886
46.96862887295128
20.62603643803215
77.19470936005348
8.39829986456596
67.62607581708185
71.16005051871117
29.30039186681821
55.531243921685316
28.761310831972576
78.63079584898183
59.984727222256076
64.78148318381692
69.17662820879283
48.11187796016258
83.83793871675336
69.81728266302451
53.883061494327094
36.65240789893778
54.36343176409879
68.15414396397716
40.55117179313689
55.99924014240824
76.06092202458483
59.649444712099644
37.392774728360486
65.15913126332
77.98608278103778
45.32007043481208
59.02108735745356
90.31953913650621
46.729365540501746
70.89807841816209
63.89235621580654
50.40506421836103
38.60891051676779
51.539638786500575
56.62769544599015
3.916731015590955
36.671980339673304
47.74224569062765
37.93703307237625
45.18041255099223
38.498962726308264
47.03636276456323
54.9525868724057
41.54779762454084
2.55374866057826
53.064039908361764
46.27474454884503
60.189823089376056
22.887176403834744
56.08640938537568
71.25232637999709
59.295735689165554
58.93580145737185
38.35757959823538
37.57929345596244
52.88964224301912
59.760824374024075
46.6858145572008
3.077697664932135
48.3306653955454
56.87615932147899
51.94671212178988
28.636277003671655
10.832869835292948
68.41403446524494
6.450994139449506
47.302432584271926
49.35788971347444
15.826687523500054
64.41735111794935
49.34232175727176
42.81997846449568
36.98152395829066
4.480945392274473
60.82579292097488
52.59904160565471
66.03966650621413
45.648218582692294
43.137912247424154
16.564678963145997
2.552307534487218
27.99446430256099
90.19491424785652
48.95006121557856
18.360482299487604
8.485044892542575
38.12601321663502
36.54801822662382
54.45213148951195
36.34358421658217
67.76271120841871
30.77088959431129
26.562002277964538
64.70919023136747
34.15884198931737
32.17052808755233
28.644624482842204
68.63368802407567
46.0509016507947
52.16783125803267
7.399844474938384
10.381559616436707
38.4268496223054
11.002815493718677
42.405387688568986
20.93058826845438
61.85755327846941
59.05140917605409
56.711753502042164
78.42939249943564
62.67749224382945
48.816688708744564
44.45920287301669
53.62895253755363
43.613207144725585
61.99227012249158
37.15861186222915
71.66169675194982
55.683805812254356
45.57704136340539
89.70090285289183
47.081026713651944
80.11203606154241
33.88903923986758
54.96725669900844
44.72785213420873
52.0093443709448
46.34472986032096
36.76883870224958
19.46918410620438
13.435619784433312
60.01640588414848
47.421745293901026
37.6191245991283
36.07565337454768
53.19936651514329
37.026500953623135
18.557761254262658
55.07221677458789
53.72343310958017
51.470142572908
47.339999008892775
69.84782388611428
14.23667269130093
62.200242242257175
86.56733058027714
34.36340102228638
65.83272758611722
58.279212533910005
66.81777149150221
7.633223744289071
59.599922175827416
50.93628192133002
38.3517905554988
54.495301846397254
31.066206698089808
18.31354650693316
34.499742900877344
47.57090795221507
11.073272918978077
40.82816539207274
71.59945826255712
55.998076853333544
38.03142690113235
49.219954900586295
41.653130195289805
36.248113814199016
6.271724546375083
36.66628796502209
2.631653356064006
39.98536643067879
36.59060962332433
58.399428430711914
51.14249328942179
80.45707514427521
41.92981789321972
9.013110985711984
4.8398691887981675
60.84846341568935
38.868264896707814
26.90194935160881
52.090225875665034
68.4773803645589
-4.299599100501654
50.50569197746838
70.99000441259716
36.00821420076856
59.01513863565968
79.71960900189603
61.78783331173884
36.49178953765669
34.46428232385961
35.844637473612764
10.047123100509708
40.21854841726102
86.9828478557688
38.58067061713807
53.00837105479808
3.5993360575925406
45.55946153335713
60.765808903608416
53.849967018661424
53.84343999823651
37.39719836462858
66.69291622684173
45.675555427392716
48.363900847662805
20.51747375790734
50.42396720763227
5.706002754794154
46.49337601289317
47.59736975614053
61.25848853297715
45.641114107525574
69.90013844746781
48.55095678083706
45.00505276928827
37.593398523042815
62.62943692566373
40.36219754450027
35.82430543459945
55.57290016602053
37.01694381993411
60.5875657200977
38.84211621274256
65.15922372829276
51.767876200886796
52.18006032338897
8.772364289821526
40.28310149434198
32.181080149988844
9.945868150710924
80.04437685895665
49.190698946792224
9.007936770759907
75.48741350723591
2.590695161687705
63.75116443781787
41.614493202586154
89.42551602051509
3.894349826816945
44.3677448962074
76.71311540700378
80.53066249032955
48.158375599239186
34.22392037012196
37.9349075120377
39.33200098437651
71.9112910260555
65.20864620533854
65.86622728014788
63.691025230825716
35.34660064349849
52.28052017044894
37.764534804718046
41.08009305034246
47.069872650774165
36.18813330347388
51.21368400574658
61.37395922272107
7.452717461731554
56.21717936327086
54.02173063284969
36.394387027975704
47.5113546170711
6.75420127244828
21.48570806028502
50.61997358549653
24.381776521759235
55.575676571145046
47.84879076455898
36.64879472609145
46.45355961941855
29.642418188087486
73.45720771001999
35.08360485944777
40.10465261608737
77.61098399582457
38.7035514647628
50.68899535071833
7.266822875240661
53.880016194345096
68.88636265213572
66.01035278553502
78.09206335133234
23.47154177161398
46.312523706927124
5.666891093816634
63.18044931255006
39.75258802302826
36.70139584138024
59.594308601517746
38.02329958846218
51.12506186198715
7.501055269398807
46.80867227541541
39.97108517527264
60.07540261463509
38.292055407618236
46.66634844340806
53.70921533646822
52.91506771101696
73.8996633989338
45.60812184794325
38.11576683273703
78.87195621961962
25.772750264014206
45.99891428843618
79.82923027469697
71.49006867533818
-0.43030602136035156
60.473488319968226
18.255395663375865
50.01450910799702
21.744612373457656
44.575216846376996
52.780613412611466
15.947582870198547
57.662832993342334
55.93505860115832
43.758146793974646
13.559051937078976
45.08825137544146
19.397843120251576
6.906344312453387
6.3356077726515165
5.576765905862206
39.05025600463215
30.10451169728398
1.7268167537766377
59.74820385200351
55.80861299057364
70.66869723356668
39.27037317391379
5.022875152102193
45.91090434336823
32.193092301650445
33.958160527986514
63.14596262650303
65.9726823316142
72.03712439642703
49.96116740417363
47.488213529620126
17.980220825816073
