0.42159999999999975
0.8963000000000001
0.6430000000000002
1.0086
0.8199000000000001
0.3317000000000001
0.3149000000000002
1.0029
0.6898
1.0605000000000002
0.3384999999999998
0.15280000000000005
0.13009999999999966
0.7768999999999999
0.9253
0.11209999999999987
0.8715999999999999
0.5497999999999998
0.9895
0.40669999999999984
0.4140999999999999
0.5055000000000001
0.5049000000000001
0.6903000000000001
0.5011000000000001
0.4655999999999998
0.7486999999999999
0.7254999999999998
0.011500000000000288
1.1869
0.9197000000000002
0.5558000000000001
0.02980000000000027
0.39049999999999985
0.3374999999999999
0.8003999999999998
0.22140000000000004
1.2468
1.0695999999999999
0.8154999999999997
0.06869999999999976
0.5614999999999997
1.1295000000000002
0.8031999999999999
0.29689999999999994
0.9299
0.4017000000000004
0.2275999999999998
0.8303000000000003
0.4708999999999999
1.1031
0.9413999999999998
0.27920000000000034
0.8263999999999996
0.4376000000000002
0.6467999999999998
0.3719999999999999
0.5453000000000001
0.5145
0.3023
1.0726999999999998
1.0585999999999998
0.7560000000000002
0.2113999999999998
0.8001999999999998
0.8153000000000001
0.007100000000000106
0.6524000000000001
0.9243999999999999
0.6580999999999997
0.6347
0.3911000000000002
0.8418999999999999
1.0758999999999999
0.37639999999999985
0.9359999999999999
0.013700000000000045
0.9632000000000001
0.22919999999999963
0.2965
0.017400000000000304
0.008999999999999897
0.8266
0.48309999999999986
0.6431
0.8212999999999999
0.7696000000000001
0.8447
0.6587000000000001
0.19229999999999992
0.6295999999999999
0.4946999999999999
0.5842999999999998
0.3195000000000001
0.008099999999999996
0.02629999999999999
0.9238999999999997
0.762
1.0413000000000001
1.0785999999999998
0.9159999999999999
0.16049999999999986
0.4641000000000002
0.3921999999999999
0.2841999999999998
1.0303999999999998
0.1395000000000004
0.7622
0.9900000000000002
0.8969999999999998
0.3378000000000001
1.0545
0.5836000000000001
0.056599999999999984
0.0653999999999999
0.43889999999999985
1.2705000000000002
0.7785000000000002
0.6298000000000004
0.9090000000000003
0.0047000000000001485
0.03300000000000036
0.7133000000000003
0.5297000000000001
0.964
0.43889999999999985
1.0171999999999999
0.8963999999999999
0.0015999999999998238
0.9198
0.11229999999999984
0.3557999999999999
0.7052999999999998
0.7332999999999998
0.5242
0.7292000000000001
0.4649000000000001
0.9333
0.03550000000000031
1.08
0.29000000000000004
0.4455999999999998
0.3753000000000002
0.28889999999999993
0.4310999999999998
0.7014
0.8005
0.8815
0.42979999999999974
0.9561000000000002
0.5813000000000001
0.17200000000000015
0.8280000000000003
0.8699999999999997
0.8743999999999996
0.8132999999999999
0.03630000000000022
0.9400000000000004
0.6622999999999997
1.0034999999999998
0.7399
0.6164000000000001
0.19639999999999969
1.0405000000000002
0.14800000000000013
0.7242999999999999
0.7339000000000002
0.8963999999999999
0.2921999999999998
0.5310999999999999
0.16979999999999995
1.0525000000000002
0.09550000000000036
0.00890000000000013
1.1014
0.8569
0.5029000000000003
0.15080000000000027
0.6326999999999998
1.1871999999999998
0.7223999999999999
0.23720000000000008
0.17120000000000024
0.24659999999999993
0.7032000000000003
0.6334
0.08409999999999984
0.7968000000000002
0.14460000000000006
0.4604999999999997
0.6088999999999998
0.6547000000000001
0.5390999999999999
0.9274
0.5034999999999998
0.2931999999999999
0.46740000000000004
0.5236000000000001
0.32010000000000005
0.5579999999999998
1.1162
0.6709
0.02589999999999959
0.10959999999999992
0.3846999999999996
1.0582000000000003
0.5737000000000001
1.1652999999999998
1.2942999999999998
0.6238000000000001
0.28710000000000013
0.07790000000000008
0.0016000000000002679
0.06910000000000016
1.076
0.8141000000000003
0.6985999999999999
0.5575999999999999
0.9198
1.0322999999999998
1.1856
1.2332999999999998
0.08680000000000021
0.8216000000000001
1.2404999999999995
0.03929999999999989
0.6374999999999997
0.6476999999999999
0.9108
0.4445999999999999
0.10660000000000025
0.3280000000000003
0.3317999999999999
0.8386
0.8819000000000004
0.8031000000000001
0.9083000000000001
0.6324999999999998
0.3860999999999999
0.9427000000000003
0.5414000000000003
0.36430000000000007
0.43989999999999974
0.8452000000000002
0.00019999999999997797
0.4285000000000001
0.2591999999999999
0.8279000000000001
0.6774
0.8788
1.0139999999999998
1.3044999999999995
0.020099999999999785
0.3393999999999999
0.19979999999999976
0.5756000000000001
0.25639999999999974
0.43579999999999997
0.5819999999999999
0.7828999999999997
0.5537999999999998
0.43199999999999994
1.0937000000000001
0.714
0.8106
0.9925000000000002
0.8130999999999999
0.10999999999999988
0.863
0.8010000000000002
0.42210000000000036
0.6221999999999999
0.40870000000000006
0.6765000000000003
0.9277000000000002
0.22120000000000006
1.0452
0.49140000000000006
0.48329999999999984
0.02259999999999973
0.15980000000000016
0.7765
0.6894999999999998
0.9922999999999997
0.8390999999999997
0.7289000000000003
0.347
0.1372
0.2913999999999999
0.8722999999999996
0.4562999999999997
0.9634
0.7614000000000001
0.4207000000000001
0.8129999999999997
0.19290000000000007
0.2951999999999999
0.5396000000000001
0.24899999999999967
1.0519000000000003
0.9998999999999998
0.7844000000000002
0.29700000000000015
0.018199999999999772
0.033299999999999885
0.8868
0.5506000000000002
0.9876
0.4479000000000002
0.7925999999999997
0.7041000000000004
0.18710000000000004
0.6141000000000001
0.6663000000000001
0.7614999999999998
0.9423000000000004
0.9521999999999999
0.8842000000000003
0.5044
0.47050000000000036
0.9739
0.17000000000000037
0.07030000000000003
0.5261
0.4023000000000003
0.3876999999999997
0.1999000000000002
0.7025000000000001
0.5289000000000001
0.8479000000000001
0.20440000000000014
0.5387999999999997
0.7187999999999999
0.7035
0.40390000000000015
1.0627000000000004
0.7164999999999999
0.3294999999999999
0.44049999999999967
0.9051
0.7976000000000001
0.1301000000000001
0.19510000000000005
0.508
0.5287000000000002
0.7344999999999997
0.6193
0.8007
0.25760000000000005
0.9828000000000001
0.6867999999999999
0.3080000000000003
0.08319999999999972
0.7670999999999997
0.050799999999999734
0.6780999999999997
0.5228999999999999
0.3700000000000001
0.3506999999999998
0.0024000000000001798
0.5618000000000003
0.9170000000000003
0.37729999999999997
0.8123
0.3183
0.039200000000000124
0.5952999999999999
0.8277000000000001
0.9778000000000002
0.058800000000000185
0.04139999999999988
0.5996999999999999
0.8831000000000002
0.2502
0.6562000000000001
0.6012999999999997
0.46399999999999997
0.9464999999999999
0.40439999999999987
0.8401999999999998
0.5244
0.45710000000000006
0.11030000000000006
0.782
0.2523000000000004
0.3687
0.5899000000000001
0.28359999999999985
0.2474000000000003
0.4382999999999999
0.6848999999999998
0.4285000000000001
0.7056999999999998
0.005800000000000249
0.9407000000000001
0.5076999999999998
0.3419000000000003
0.8694999999999999
0.714
1.1201999999999996
0.5103
0.8737000000000004
0.5448999999999997
0.6585000000000001
1.0103999999999997
0.02220000000000022
1.0654999999999997
0.05920000000000014
0.9087000000000001
0.030299999999999994
1.0871
0.8451
0.6362999999999999
0.02320000000000011
0.5942000000000003
0.34189999999999987
0.8681999999999999
0.09370000000000012
0.5802
0.02660000000000018
0.6275
0.9091
0.9207999999999998
0.37429999999999986
0.6873
0.8443
0.21550000000000002
1.0968
0.07769999999999966
0.44419999999999993
0.6728999999999998
1.1041000000000003
0.5707999999999998
0.3101999999999996
0.02159999999999984
1.0997000000000003
1.3519
0.19169999999999998
0.23529999999999962
0.011499999999999844
0.3601000000000001
0.8361000000000001
0.4328999999999996
1.2280000000000002
1.2184
0.27049999999999974
0.4778000000000002
0.7593000000000001
0.32440000000000024
0.3171000000000004
1.2154000000000003
0.16459999999999964
0.3362000000000003
0.02939999999999987
0.8730000000000002
0.12009999999999987
0.7576999999999998
0.8588
0.7248999999999999
0.8378999999999999
0.766
0.8067000000000002
0.33999999999999986
0.08519999999999994
1.4968999999999997
0.2749999999999999
1.1185
0.017199999999999882
0.5308000000000002
0.5289999999999999
0.09209999999999985
0.35020000000000007
0.02770000000000028
0.9931000000000001
0.03520000000000012
0.6237999999999997
0.4384000000000001
0.7676000000000003
0.6598999999999999
1.0013
1.6919
0.7465999999999999
1.2559
0.7864
0.7974000000000001
0.19459999999999988
0.8572000000000002
0.8416000000000001
0.565
0.7652999999999999
0.49029999999999996
0.7681
0.6595999999999997
0.6885000000000001
0.9411999999999998
0.621
0.8445999999999998
0.8427000000000002
1.1619999999999995
0.5819000000000001
0.8163
0.7328999999999999
0.3096000000000001
0.45310000000000006
1.0437999999999996
0.037599999999999856
0.7892000000000001
1.0396
0.1633
0.887
1.1567999999999996
0.6017000000000001
0.6743000000000001
0.6947999999999999
