0.3907788693208927
0.8354768230257741
0.616562495303083
0.8977825945086009
0.802115315545893
0.4410375033585787
0.3190722094517748
0.9681576340320998
0.8450105221823639
0.9937385187140778
0.45316808767318234
0.34558471551683556
0.12540748091441323
0.6568937005633777
0.9506373114007938
0.13459245072235904
0.8250960391130319
0.553394339978081
0.9367903209557151
0.5164634720300507
0.5551857379780537
0.514256924876749
0.5959911160793141
0.7457237346204232
0.44692462811160555
0.3969750829783516
0.6769655139128389
0.6861459075874423
-0.02050812134475699
1.2063007055893076
0.8442014767872232
0.6156349360766272
0.13113471037940794
0.3292643050688949
0.3850804890930361
0.7318127482494041
0.17930239205935028
1.1578458076217293
1.0158836586185394
0.7441396769339267
0.33533676199901996
0.6318682983393447
1.0559109100381858
0.7787297652604102
0.2157285042553781
1.0490687886270882
0.25416750789542875
0.3451505084088859
0.8510227283059141
0.4414741239344147
1.1317625000204163
0.9187778276924212
0.17014759692139309
0.822330642195862
0.45272819450791674
0.7139964679722888
0.3340227828226362
0.6265343780674638
0.5938230967931035
0.21118212256225372
1.0432546030240573
0.9571278448949107
0.6805687698549329
0.4732387500200779
0.7286314545925223
0.6437213743517525
0.022663840402051716
0.2801143520726026
0.9269002724561779
0.7384064286667198
0.8563958512175168
0.4778862511279452
0.5770789022515387
0.8109763541547856
0.4558329813529213
0.8954081696748221
0.09021669128755694
0.8610897847839936
0.20014679351774112
0.19808927262353937
0.13614486108814117
0.00015985677204310988
0.7408319728108431
0.5829686477889241
0.7444355917184386
0.8522805604503119
0.7638569547213361
0.8241357863388478
0.7066334886433567
0.3502336038088685
0.5735833331118843
0.4933940852944746
0.553396777119093
0.44461029316004047
0.0032644919730767663
0.11740545431886024
0.7064759859994416
0.6849046689347328
1.0675610801241113
1.0151966062483466
0.8877010300849851
0.32822145571339173
0.6256669663056257
0.5346703823001532
0.450894367812356
1.059394935180888
0.18314167210770305
0.7873110888820457
1.03942274180258
0.8589850870558916
0.23566489635288929
0.9706704746313314
0.6196506988016889
0.15203213734018217
0.08138306624745695
0.289828782296236
1.2161811608543727
0.7886764477449422
0.6211879558278415
0.85302724385543
0.11115791941117986
0.0017432076491238346
0.707556353943477
0.6429729198945546
0.927440462632851
0.2475539809822513
0.9066257447226944
0.8139748477362461
-0.055479904044147155
0.9689457479275895
0.15544165446666913
0.3363317076575393
0.634462517779736
0.7941791026387214
0.5685715719564035
0.5342148367785996
0.47752318839857333
0.9411931805117224
0.09189898296645704
1.0333827271342062
0.36496027279223375
0.4470664615318017
0.3834412971950484
0.39996550810247816
0.5974098758363414
0.4915945117672431
0.7873744511355292
0.8612638937102677
0.3307150024035933
0.8863213010306297
0.4929564864408543
0.12969384172374793
0.6899428792860599
0.7825392716917672
0.9216283128657542
0.7068853947230344
0.14144756001931152
0.7593348295121298
0.7248424678125428
0.9080700773882753
0.6712934229545011
0.4603149388949064
0.2845403992638581
1.1013108911128597
0.10990675093500196
0.7806109295641046
0.8155848409653425
0.8118301275052149
0.4178969144956757
0.5588561358561215
0.1594758174019511
0.9470556973585613
0.42122051640534275
-0.06285678545451623
1.0450301759954301
0.8598734415132041
0.39918003425842963
0.28303219924079154
0.5322236623809757
0.4485388694959664
0.4782573591994111
0.26026128743562504
0.18913725833068118
0.3474631020306448
0.5904356309284748
0.6676528158936044
0.11034069489178272
0.9553902273133388
0.09623025293133569
0.4553508761793861
0.5781353038851605
0.6752786231389097
0.5325806262781929
0.7864406095515875
0.34096389950205813
0.5018201346611177
0.5324657297175734
0.6057462719661565
0.3984445782604479
0.5939080955521846
1.028953223240301
0.6945264258954954
0.4039511188791229
0.36387660519324366
0.3651226544944335
0.9710390077303803
0.5428365413314116
0.9315739254363364
1.1935006233860013
0.5976968577805993
0.33274539047029056
0.2446519303005481
-0.07007213031973303
0.2639861427313977
1.0235590777063153
0.7942556979004756
0.6966274479425754
0.5723470585781236
0.903021152683734
0.9204858093622619
0.978566811214052
1.0296663728895132
0.08446527252753488
0.8103486356082545
1.055117618531479
0.08381879978530116
0.6021595742478102
0.697125972838492
0.8713690783037311
0.48658073350449993
0.25803836998891505
0.4571755032386151
0.3163261476085567
0.7475844880351585
0.7391138732165434
0.6103614885727108
1.0278595507918291
0.6135667633846558
0.3818470231554753
0.8875819063085622
0.8393838151752558
0.27696861391305516
0.4644258701303964
0.7777412993734466
0.0680489818597555
0.5257083476456113
0.36150134333278966
0.801417067299286
0.7065851369914792
0.767542804753591
1.0251497966987306
1.1468968592643067
0.023798201109138106
0.4227890759286736
0.19600080449248003
0.648361278845216
0.31852177066733706
0.5273185082570677
0.6025253023126631
0.7603363780613095
0.5645044848491376
0.4173684515329824
1.1243352987718418
0.585845971206055
0.8085723695452639
0.9538034676903335
0.7024119810232289
0.38296934232609936
0.8866040053339727
0.6477286327736054
0.4183999754751643
0.6388771340869414
0.4256429015214229
0.7666062809919421
0.8230330738233194
0.2643724721393255
1.056286698271343
0.4080915333500169
0.5912195778680729
0.13794730834519997
0.27032353942138077
0.8128739400314102
0.8190588529054178
0.9126493763408989
0.9163543956703165
0.6880371779487613
0.36128266481894133
0.22772118420772042
0.5679320581913803
0.9046873242803147
0.5266366670144746
0.8127918914316744
0.603199766326841
0.6498896323062808
0.8089898167927623
0.2816697654960451
0.42929634073019785
0.4802755241787051
0.2274525363273614
1.0837895569603937
0.9573238054414311
0.6892462605774462
0.4138324057913256
0.07398946777053572
0.04925029455646912
0.8077016592038873
0.6644936635198772
0.8837575860149823
0.4072249735548635
0.8259034587691261
0.6293035187718321
0.33107689361555065
0.6545979729326853
0.7428888691462603
0.5825108940042119
0.8229075025746614
0.8577777486265719
0.9854943218765826
0.6111467414714428
0.3830545973718014
0.927888131935425
0.18248237021294172
0.11438139435197459
0.5548701849588056
0.5260471070018163
0.6748203053379697
0.3594325448362372
0.6879315564278512
0.5884686549142284
0.8603711284360269
0.39727794507266034
0.5328902603388485
0.7226480494966014
0.7559720543989378
0.4321884719127769
0.9063262993502554
0.8394361251480743
0.44773857228281194
0.44244061549216657
0.9192552587169022
0.7972971344696151
0.1771877244630165
0.3620308852684191
0.43255297226963596
0.3813608462469795
0.8007145363876211
0.5700122647792351
0.7679059806124758
0.3335688167231948
0.92028697899655
0.7081596721916317
0.3856966540335559
0.09438126258540658
0.850973229331794
0.055376957339400956
0.6041769227594275
0.5734133871624357
0.49555469364213606
0.6952641251985904
0.15691721953452575
0.5520294773673107
0.8353886867861093
0.31513589851061186
0.9195956320851416
0.3006751244107142
0.10330825150182021
0.558805717189051
0.7643579219281367
1.011282529677245
0.043571882546440954
0.13451701497574453
0.652359845368341
0.8278945839603319
0.30716646667204767
0.5658087468769957
0.6513292419184105
0.48013942094653067
0.8102419183256168
0.5550826848844014
0.9096360312074879
0.6828308942480015
0.5140106814826972
0.2152467699628936
0.8499575854208866
0.22987434417866293
0.8178997831377407
0.6761475638808121
0.3349119364337846
0.23097111259057362
0.5824084408199279
0.6439129978591515
0.4561104978014357
0.6187958608821501
-0.04950211450348185
0.851635514524711
0.4667863514073579
0.35135628238569483
1.025197311089587
0.7314879489605663
0.9956869807176632
0.6438273562769441
0.8234740919431968
0.57659460026084
0.6692842802930874
0.9083544488759232
0.17638815587068418
0.9879431248718529
0.1521716993599842
0.7675511937388879
0.09381062397716483
1.099489733328118
0.8034171441687413
0.4692221708654706
0.0689738160195903
0.8428995709767247
0.401097072600906
0.8400978332025619
0.18614012222714854
0.4387398235320715
-0.023632899611351288
0.6071595664061123
0.6872362668355408
0.9734366998057926
0.42270347343535175
0.6856495406467643
0.7726437518088712
0.34954835598958195
1.0178772168406316
0.18055546860069405
0.4773353124729822
0.647236752279384
1.0595770942588185
0.5898454408346977
0.5208482229186718
0.09314259821548232
1.2046610727360405
1.2410735813399403
0.43229028996751234
0.20413801138679505
0.05981744479935858
0.3700445256581278
0.8298168946986706
0.40898169183516364
1.0359447134324713
1.0783589860942449
0.2350184320380908
0.5787849604259268
0.7470890499613347
0.3512390344338714
0.5626517198209942
1.1271013564135939
0.1941945022802023
0.6635842898578506
0.09441408117784661
0.543813415368883
0.23204220241416007
0.6600143418864359
0.7188478812888472
0.7790535586610595
0.7527160032503657
0.7537466488350613
0.7248126130347332
0.47272294917827645
0.14032570910206532
1.2666771405269732
0.32101580596820944
0.9417939960863952
-0.01658166460414423
0.5299709105154499
0.5076390165106802
0.17538913764842512
0.24395065496760104
0.2545201105906161
0.8768441582201097
0.055299135089194706
0.6480439590516824
0.5660286762943414
0.8231884158527077
0.7628821089994996
0.6973591544195692
1.4934661662673607
0.9342515129991757
1.171056717915072
0.73879576653986
0.8835209688491098
0.22922357394881376
0.792061837186194
0.7880394737492027
0.4847461625278643
0.8083667687771774
0.6333807222815617
0.8730537113261241
0.6578252992698332
0.26683227336670123
0.9367434523410638
0.6338258199667011
0.927454882147397
0.8744364499564039
1.0806033202007739
0.5645195047528913
0.826016656433284
0.6796156403814063
0.4551234433459818
0.49577696837139895
1.0111403271935018
0.05538012320927421
0.8051017101316688
1.0256671101931973
0.45876207505834876
0.7615344612464602
0.8146723698588461
0.6269030774221663
0.9364718656387607
0.6383455013252446
