0.0062
1.4474
0.1372
0.0052
0.0231
0.0155
0.009
0.7012
0.5941
1.0146
0.0017
0.0006
0.0073
0.395
0.0408
0.0187
0.9538
0.0005
0.1871
0.032
0.0679
0.0001
0.0249
0.0939
0.0018
0.0112
0.0954
0.779
0.0086
0.0206
0.7516
0.0086
0.0039
0.017
0.0255
0.0221
0.1312
0.7599
0.4538
0.0657
0.0011
0.1148
0.4227
0.169
0.0074
0.0413
0.0991
0.0079
0.1897
0.2324
1.0149
0.7991
0.115
0.0659
0.0092
0.0401
0.0439
0.0425
0.0109
0.027
0.0883
0.3573
0.2559
0.0059
0.0011
0.0497
0.0015
0.0249
0.0038
0.3717
0.1763
0.0975
0.0007
0.1246
0.0001
0.7675
0.0004
0.3218
0.0036
0.1124
0.0007
0.005
0.0007
0.0537
0.1032
0.2205
0.4367
0.7487
0.0476
0.0175
0.0126
0.1059
0.3732
0.0036
0.0024
0.0537
0.4988
0.001
0.5281
0.3718
0.0218
0.0066
0.0045
0.0605
0.0214
0.0756
0.0011
0.0831
0.0626
0.645
0.017
1.0703
0.0045
0.0717
0.0328
0.0383
0.6194
0.2889
0.1797
0.1441
0.0002
0.0015
0.4095
0.1674
0.201
0.0004
1.1111
0.6677
0.0001
0.5195
0.0036
0.054
0.2778
0.0577
0.0882
0.0006
0.2389
1.4791
0.0138
0.5175
0.0921
0.0227
0.0137
0.212
0.0245
0.3319
0.0668
0.741
0.0137
0.1807
0.3858
0.1983
0.5068
0.2041
0.0703
0.0823
0.0127
0.0666
0.0262
1.215
0.2164
0.7114
0.0079
1.6101
0.0189
0.0411
0.1038
0.1588
0.0874
0.2547
0.0157
1.2344
0.0131
0.0033
0.3323
0.1416
0.3117
0.0022
0.0132
0.051
0.088
0.0155
0.0272
0.0006
0.0213
0.0662
0.0032
0.1315
0.0543
0.0823
0.0084
0.1275
0.6905
0.0447
0.0133
0.1292
0.0805
0.0001
0.0539
0.1218
0.0399
0.0162
0.001
0.0033
0.0797
1.0064
0.0069
0.1203
0.1195
0.0532
0.0311
0.0062
0.0027
0.0042
0.0219
0.0604
0.6121
0.0173
0.0356
0.0749
0.0
0.0651
0.0136
0.1258
0.3596
0.0034
0.0656
0.3441
1.098
0.0072
0.0076
0.0947
0.1621
1.0684
0.1211
0.3952
0.0672
0.0321
0.0845
0.0358
0.0421
0.2158
0.2595
0.1743
0.0
0.0094
0.0008
0.1815
0.2648
0.326
0.0728
0.3911
0.0013
0.0047
0.0065
0.6503
0.0125
0.0015
0.1916
0.0393
0.0091
0.2243
0.1693
0.0165
0.9222
0.088
0.0385
0.003
0.2298
0.0869
0.0787
0.0553
0.22
0.7062
0.0021
0.1167
0.04
0.0162
0.2115
0.0001
0.018
0.1766
0.2381
0.1016
0.5428
0.138
0.2942
0.0153
0.0589
0.4139
0.0008
0.1184
0.0
0.0083
0.0067
0.0843
0.0277
0.1455
0.0985
0.5637
0.0657
0.1703
0.0828
0.0071
0.0035
0.0408
0.1173
0.9417
0.01
0.0441
0.2141
0.0889
0.0073
0.592
0.1325
0.0712
0.3771
0.1567
0.0764
0.0145
0.2904
0.0244
0.0167
0.0931
0.2133
0.0045
0.0244
0.001
0.0839
0.0
0.039
0.003
0.2709
0.0359
0.0856
0.0012
0.051
0.0277
0.2584
1.4627
0.459
0.0102
0.005
0.0182
0.0194
0.3212
0.0869
0.3183
0.0268
0.3364
0.2024
0.0658
0.0141
0.0013
0.0039
0.142
0.3229
0.0022
0.0116
0.0005
0.0267
0.0902
0.1637
0.6847
0.2266
0.0
0.0182
0.0035
1.5567
0.0214
0.009
0.0233
0.3601
0.0334
0.0078
0.0022
0.1025
0.0265
0.0636
0.7311
0.0139
0.1536
0.0165
0.0532
0.0073
0.0002
0.2391
0.0052
0.0695
0.1516
0.0829
0.1099
0.561
0.0001
0.3519
0.0564
0.0751
0.0646
0.1013
0.1544
0.0349
0.6661
0.0041
0.3892
0.4727
0.0053
0.696
0.0178
0.0033
0.0027
0.1355
0.2153
0.1161
0.0068
0.0358
0.1842
0.046
0.0107
0.0857
0.0081
0.1081
0.0071
0.0268
0.2248
0.003
0.0975
0.0554
0.0135
0.0162
0.0046
0.028
0.2516
0.0465
0.0043
0.0049
0.7344
0.5301
0.0012
0.1065
0.0049
0.0778
0.3767
0.0385
0.4122
0.0395
0.1175
0.2154
0.0
0.0981
0.0056
0.0994
0.0148
0.0243
0.0024
0.1388
0.0102
0.2691
0.5106
0.2418
0.057
0.0138
0.0331
0.0555
0.0107
0.4991
0.0632
0.4654
0.006
0.6913
0.3388
0.02
0.0103
0.0014
0.2503
0.0019
0.024
0.0831
0.3312
0.0004
0.0182
0.247
0.0194
0.1614
0.0376
0.0053
0.0807
0.2085
0.6325
0.0794
0.1309
0.0071
0.0488
0.0584
0.5258
0.6804
0.0473
0.5281
0.1545
0.146
0.3994
0.0009
0.3404
0.0119
0.3662
1.2058
0.024
0.1445
0.9618
0.0135
0.1368
0.0148
0.2849
0.0072
0.0475
