0.0
0.9901657100258989
0.1823448821356279
0.07051090727499404
0.0
0.1084915324398153
0.0
0.770270373382935
0.6983583744986046
0.887696842856005
0.0
0.0
0.0
0.0044100382109710234
0.08886672438028936
0.0
0.5418496256681816
0.0
0.187048823290809
0.05310727392402853
0.2227580473590192
0.0
0.0
0.700438552116192
0.0
0.0
0.14139859073085456
0.9104100612778494
0.0
0.10897513610545517
0.7096672666032586
0.0
0.0
0.0
0.0
0.0
0.08820009147533173
0.598516896079076
0.41326487969001746
0.12861549134390365
0.0
0.12242991637252496
0.4230272372407612
0.18065776964923538
0.0
0.17016506920839553
0.024618196347464344
0.0
0.22030424764361242
0.14038526289674133
0.9586335941566928
0.4998253201795505
0.09624377248338442
0.22031278723656839
0.0
0.12433005001638583
0.0
0.03629616908945127
0.0
0.0
0.18021233232510817
0.19982981295928612
0.22602316451790574
0.0
0.0
0.050122352328467484
0.0
0.0
0.0
0.23543805713708665
0.25853748190818676
0.14425751665131037
0.0
0.03626589787739137
0.07551421545662829
0.7430374830251206
0.0
0.29349598574464064
0.0
0.04323470810785168
0.0
0.0
0.024578067557048916
0.0
0.16599128834435875
0.16670218685432242
0.4919873685214706
0.6873107275552017
0.046581283110637695
0.05913680368390442
0.0
0.0
0.28808211344326584
0.0
0.0
0.03930534384527598
0.34228244349733516
0.0
0.43618628761570566
0.21606414405617602
0.12076288742670999
0.015565026683350941
0.12470961119465013
0.0
0.09653243237440748
0.13047687940398214
0.023772349620104105
0.1625092321060399
0.15483024465351225
0.4951429402646971
0.0
0.9102482341110936
0.0
0.14076940987917408
0.0
0.01244417938206449
0.22033452461387046
0.2188815718337875
0.2948616616858633
0.1307552404103547
0.0
0.0
0.2282529879361698
0.19348212880682042
0.33929958174601704
0.0
1.125742844867068
0.2915024823934088
0.0
0.5233167088373434
0.0
0.03527632384854962
0.0
0.20914801152818677
0.14407314463070803
0.0
0.12048573480868507
1.2839323321770577
0.0
0.41261728283599197
0.1954453451076813
0.0
0.0
0.23735757004987212
0.0
0.0
0.08544196169512192
0.6294097852351593
0.0
0.14235698193022325
0.0
0.18854532882251746
0.3312112051972445
0.3210856731611285
0.06085929084950642
0.0
0.0
0.05186949914291519
0.06226695558784223
0.9869899077807365
0.08653971705089925
0.46847323359461773
0.0
1.5104703905608352
0.0
0.0
0.10652211692480368
0.11167032599439705
0.0
0.23528905382704424
0.0
0.8307464008682546
0.0
0.0
0.36608474546341174
0.13985538618678728
0.2947075815639104
0.0
0.0
0.062180497927376954
0.0
0.0
0.0
0.0
0.0
0.17008984750456074
0.0
0.06966099769802386
0.0886506108657586
0.03008998855580125
0.0
0.13107482599374004
0.5601843124424819
0.0
0.0
0.15812077384442708
0.01895791319319401
0.0
0.01007028571043972
0.18820413258077956
0.08175548053569376
0.0
0.02633532104538716
0.0
0.0
0.6756648305093925
0.0
0.3676801620150201
0.1391427514244611
0.03747688130138124
0.10422373168759058
0.0
0.0
0.0
0.1276724945441804
0.007817782814208474
0.30361863001518147
0.0
0.050166750347128114
0.02484736590377057
0.12732496578884173
0.07227160569081587
0.0
0.1670418000648075
0.22799310474359355
0.0
0.00034310835526824013
0.1531390927802729
1.0346027764983696
0.0
0.012010303199528893
0.12735945573003316
0.1938334897805456
0.7627238869430799
0.13132953437832293
0.1663333086669873
0.18755293022011185
0.0844759439126615
0.2865302427514408
0.0
0.23526958702708606
0.15081531856003155
0.2259283213198802
0.3245222096626155
0.0
0.03736857390550907
0.0
0.2422063891603088
0.29290905502337555
0.05007212779551759
0.31028397488441783
0.244935861506597
0.0
0.0
0.0
0.6183638130941098
0.0
0.0
0.21795740146639928
0.0
0.034316700081612916
0.10615437996197791
0.19963957661188547
0.006603200969458933
0.8164231616441291
0.18939022491300697
0.013540015435597241
0.0
0.30051119246905994
0.018277183954565984
0.0525690504062839
0.0980553632095213
0.0
0.875049976052984
0.0
0.1217601443624926
0.0
0.0
0.24005830310855056
0.0
0.10863047257641695
0.1436818148460145
0.276865294749333
0.15832554325733533
0.5569484733140628
0.19210944393227197
0.22929048426044987
0.0
0.017646848123281045
0.3569229650985806
0.0
0.07126706690381188
0.023183549096805367
0.13662432492148818
0.07229189114370066
0.12516286937650073
0.0
0.14534349417197734
0.034513885076029205
0.6503756128037093
0.06222603401599547
0.19405678116675834
0.0476032914865972
0.0
0.0
0.010457748550502022
0.19145511584481045
0.47024258377328415
0.036947068235394676
0.09628864667740444
0.17028463538461888
0.0675697307820628
0.04887489795897171
0.5876698094936971
0.0
0.0
0.16539114623559192
0.13674513475041566
0.09084552816994901
0.0
0.755832951689434
0.0
0.0
0.3742854159472276
0.12929224607773954
0.07499573783284258
0.05364550061193152
0.0
0.05386241873194411
0.5317308397552998
0.036141928814084956
0.02225991126357338
0.24832081280434895
0.19487343320665648
0.12238280727201262
0.1071277976046095
0.11580888094906128
0.04818917947908308
0.1564713295287919
1.2623908446147447
0.28579329276525517
0.03968360333919657
0.0
0.12256829117932791
0.057586821410023414
0.323799983815625
0.07819957229026842
0.3286600061661328
0.0
0.20276157179718857
0.2415604876177873
0.12825894819031325
0.0
0.0
0.0
0.04031041757850007
0.3865866606551477
0.0
0.0
0.0
0.0
0.18334870699517428
0.1792600188049457
0.8065137780713272
0.2464744312649259
0.0
0.0
0.0
1.5354153439537896
0.0
0.0
0.01929820648118774
0.11409364273535866
0.286609088810568
0.0
0.05811409096010833
0.14259783487896904
0.0
0.0
0.6621753247550104
0.0
0.12256958289476921
0.019050823124697663
0.0
0.0
0.14525397434571122
0.17910127008182242
0.0
0.0
0.06457482520861657
0.153778653064458
0.10475692205972387
0.3999201095751568
0.0
0.5408716636777071
0.05723485266023576
0.11942958672980297
0.10984380865142185
0.22438181592253487
0.11044882597461866
0.0
0.6232985569422309
0.0
0.19952652747095223
0.4630779718501029
0.0
0.7344043744642343
0.0
0.0
0.0
0.5166656001491698
0.20821207690128318
0.0
0.06330192820909913
0.2732915741888757
0.07821622484235902
0.07284272515959017
0.12807344236425938
0.0
0.0
0.007455870561933864
0.0
0.058545639280458084
0.18660090095040135
0.10863999515602421
0.1149256365055703
0.08838626665177712
0.05578059507335134
0.0
0.0
0.018903215315757893
0.23278616980989258
0.0
0.005576908506796319
0.0
0.9397635493357457
0.3123211756988218
0.009199948476976416
0.007757303907229229
0.0
0.03508124865873713
0.2068268020901144
0.041586010571468435
0.07142328239671358
0.0
0.1205542917135726
0.2099894564079966
0.0
0.06284825134099806
0.0023969321897783225
0.0728582727290541
0.0
0.02577488019561522
0.0
0.057213900821940195
0.10958379438018875
0.23136331483461917
0.2734136899348224
0.32089434057070276
0.0
0.14722321440026653
0.0
0.09798101614111668
0.0
0.168246264863538
0.11706942157673919
0.17428164966058546
0.0
0.2662724377407143
0.2667304806519193
0.0
0.0
0.0260510859590658
0.12044303710546703
0.0
0.03979492399687051
0.1407942375708442
0.39121060276994946
0.0
0.0
0.1282633568119793
0.12104771011411736
0.2135261737250522
0.04357527838039757
0.0
0.1421312709475347
0.17830264005653612
0.45512532001329026
0.0840112073576546
0.11842441160286754
0.0
0.05459886187803051
0.0
0.21663370280200483
0.48661621975042957
0.0
0.4949031529588077
0.4491460475703356
0.46967215397242545
0.3871224182892666
0.05048056045891944
0.07912974062034742
0.0
0.21436598430464474
0.692998465018388
0.0
0.1564676127654494
0.61508736199288
0.05378196433218577
0.1414341796984388
0.0
0.25743197511183197
0.10299062893605215
0.20634098683940785
