3.9447
3.4094
3.4970
3.4126
3.8957
4.2552
4.0160
3.1828
3.1787
2.9789
3.9408
4.0057
3.8191
3.8138
3.3969
3.2126
3.5779
3.3433
3.6375
4.0954
2.9052
3.4955
2.6208
3.1631
3.0908
3.2852
3.0055
3.1954
3.4285
2.5227
3.6931
3.4204
2.5571
3.4167
3.4070
3.4224
3.2386
3.3074
3.4911
3.4782
3.2894
3.8001
3.7280
3.6532
3.3167
3.3561
3.2832
3.3434
3.2585
3.1889
3.1779
3.6290
2.6896
3.0786
3.5856
3.6493
3.8538
4.0844
3.5379
3.3343
3.7664
3.5275
3.7048
3.0771
3.6555
3.5743
3.5831
3.5603
3.7320
3.6694
3.6402
3.9047
2.7872
3.2089
3.4233
2.7877
3.2781
3.9484
3.8161
3.6245
3.1670
3.6545
3.7288
3.8720
3.7642
3.4375
3.6690
3.8255
3.4895
3.5098
3.0927
3.1367
3.3427
2.2760
3.1742
3.3818
3.3670
3.6189
3.5120
3.7019
3.3040
4.3934
4.0572
3.8591
3.4905
3.8886
3.4331
3.7375
3.0996
3.5339
3.4392
3.9187
3.8051
4.1630
3.8823
4.0176
3.9301
3.8907
3.8817
4.0561
4.0751
3.8074
3.9305
4.2481
4.3886
3.9804
3.7761
3.8087
4.0299
3.9593
3.8086
4.1208
4.2883
3.7860
4.0072
3.7758
4.3483
4.4720
3.4814
3.3472
3.9360
3.7219
3.7845
3.8554
3.8525
3.2600
3.7616
4.2044
4.1642
3.8800
3.8613
4.0180
3.8598
3.9021
2.5005
3.5691
3.7167
3.9304
3.7576
3.6042
2.1890
3.3541
3.6069
3.1840
3.8034
3.4590
3.5019
3.5760
3.9770
3.4431
3.4277
3.9238
3.8058
3.8747
4.0690
3.4299
3.8782
4.0665
4.1118
3.9353
4.0238
4.0668
3.9228
3.7264
3.1492
3.7643
3.8704
2.5206
3.1471
3.8882
3.7462
3.9477
3.4692
3.0527
3.8324
3.8563
3.9883
3.6817
3.7527
3.9506
3.6216
3.5910
3.9670
3.9092
3.7466
4.7664
3.7582
4.4171
4.3419
5.4981
4.1521
4.4814
3.2734
3.4093
3.5192
2.7764
2.7508
2.6325
3.8687
3.9958
3.8950
3.8807
3.9222
3.9814
3.8922
3.7175
3.7910
3.9135
3.8176
3.5632
3.5554
3.2260
3.3948
3.9226
3.9178
3.6036
3.0312
3.4057
3.4365
3.4381
3.3718
3.9315
2.7023
2.9775
3.0812
3.2275
3.6424
3.8425
4.4793
5.0049
3.8966
4.2355
4.9881
3.6323
4.2455
3.7627
3.5766
3.7552
4.2974
3.2145
3.5953
3.6370
4.1173
3.7821
3.9727
4.0571
3.8231
4.0023
3.7777
4.1804
3.9319
3.2540
3.3084
3.2268
3.4608
3.3208
3.6700
3.7036
3.2707
3.3431
4.1357
3.6720
3.6129
3.3446
3.7629
3.2646
3.5095
3.5797
3.2697
3.3601
3.1176
3.8644
3.9445
3.5054
3.5201
3.4173
3.0905
3.1146
3.4224
3.4954
3.6148
3.5177
3.8194
3.7821
3.7079
3.8423
3.8129
3.8165
3.9784
3.5109
3.9443
3.7543
3.5362
4.2417
4.9977
3.0143
2.4182
3.5446
3.6330
3.6807
3.7710
3.8875
3.8859
3.8587
3.6741
4.0575
3.8454
4.4089
3.1272
3.4560
3.7057
3.9021
3.7954
4.6407
3.8677
3.6365
3.9516
4.4264
3.8452
3.2156
2.9815
3.5436
3.3388
3.1827
3.5464
3.9535
3.1262
4.0019
4.3523
3.6992
4.2995
3.9396
3.6647
4.1119
3.9294
4.1496
3.5551
4.1814
4.3367
4.3774
4.2171
4.0416
4.4163
3.0968
3.7588
3.6720
3.8191
3.7952
3.8299
3.5048
3.6660
3.9315
3.4169
3.5764
3.6525
3.7910
3.4656
3.6200
4.0728
4.5203
3.6120
2.9726
3.7372
3.5059
3.8912
4.0065
3.2309
3.7534
4.0478
3.8422
3.1865
3.3535
3.5651
3.3534
3.4680
3.0529
3.3892
3.1809
3.6984
3.3684
2.8550
3.3403
3.5210
4.2191
3.3224
3.7217
3.7458
4.3143
3.6529
3.3262
3.3239
4.0165
3.6604
3.6468
3.3142
3.6693
3.9923
3.9992
3.7996
3.7784
3.3920
3.6704
3.5192
3.6160
3.2596
3.4225
3.1760
3.1777
3.4943
3.7040
3.5674
3.7100
3.5899
3.6934
3.6602
3.7931
3.8372
3.8854
3.7750
3.6774
3.8368
3.5068
4.1805
4.2249
3.9506
4.1287
4.3058
3.3811
3.2607
3.2317
3.2395
3.7467
3.7279
3.8520
3.9062
3.5629
3.4693
3.4616
3.8048
3.2957
3.8197
3.4160
4.1383
3.5865
3.2182
3.9764
4.1980
3.8608
3.7908
4.1080
3.9867
4.0025
3.2264
3.7742
3.5153
3.3544
3.1899
3.8916
2.9902
3.4005
3.3054
3.7272
3.2713
4.0974
3.6336
3.4967
3.9873
3.6675
3.5484
3.9267
3.6799
3.6783
3.7926
3.7980
2.8667
3.6430
3.2795
2.9241
3.4052
3.3475
3.2766
3.0626
2.6800
3.3649
2.9119
3.2505
3.1898
3.0173
3.5289
3.3568
3.7621
3.0292
3.7702
3.5479
3.3622
3.7300
3.5370
3.4462
3.9976
3.8336
2.9086
3.6699
3.0093
2.6351
3.0760
3.6050
3.3429
3.4583
3.4074
3.2253
3.3862
3.5490
4.0470
3.5024
3.1149
3.1789
4.1616
3.9686
4.0442
3.8251
3.3163
3.6177
3.9248
3.8102
3.6036
3.7021
2.8936
3.2193
3.7093
3.2803
3.4355
3.3476
3.3431
3.1956
3.7558
3.0821
3.7110
2.9952
3.9019
3.1999
3.5317
2.9140
3.1000
2.9774
3.3713
3.3614
3.5496
3.5696
2.9094
3.4660
3.2831
3.5388
3.5412
3.3947
3.5602
3.3930
3.3485
3.2319
3.1312
3.2631
3.3742
3.5868
3.6422
3.5961
3.2262
3.6461
3.6643
3.6398
3.7355
3.6323
2.8634
2.7269
3.5529
3.4476
3.8077
3.7166
3.5582
2.7656
3.6480
3.2529
3.8003
3.7641
3.1152
3.4484
3.2795
3.4039
3.5715
3.8655
3.8819
3.4787
3.4329
3.7063
3.5103
3.5490
3.5047
3.7895
3.8634
4.2688
4.0434
3.8644
3.2897
3.3436
3.6164
3.5100
3.4716
3.8155
3.8883
3.6900
3.1194
3.3018
3.1704
3.4316
3.5453
3.7420
3.7046
3.6749
3.4765
3.6582
3.2522
3.6285
3.1416
3.7920
3.8049
3.9199
3.6319
3.9875
3.9286
3.4409
3.7178
3.8340
2.8928
2.9684
3.3186
3.5714
2.8652
3.1487
3.0508
3.2230
3.2886
3.0481
2.8001
3.1031
3.3092
3.4013
3.1847
3.2148
3.3115
2.9218
3.0922
3.4560
3.2303
3.4049
3.3618
3.0050
3.4657
3.3083
3.6158
3.6788
3.8378
3.0622
3.3528
2.6883
3.1021
3.2293
2.7463
2.7511
3.4586
3.2173
3.6604
2.9787
2.6150
3.0200
2.8902
4.0069
3.7613
3.5196
3.8295
4.2481
4.0334
4.0615
3.4046
3.4309
3.2256
3.3334
3.4654
3.8012
4.1187
3.9860
3.4981
3.9549
3.7483
3.8280
3.8161
3.5303
3.8423
4.0292
3.3615
3.6032
2.7891
3.8991
3.8545
4.0168
3.9887
3.1212
3.6037
4.0497
3.8389
3.7079
4.1171
3.2106
3.7273
3.3767
3.4945
2.8169
2.7942
3.7867
3.4337
3.3716
2.8358
3.1422
3.0994
3.0134
3.4693
2.7866
3.3096
3.1553
2.3658
3.0064
3.5830
2.9329
3.3977
3.7015
3.7524
3.3597
3.9100
3.2738
3.5271
3.5820
3.0618
3.0083
3.3799
2.7279
2.9074
3.4057
3.4882
3.4006
3.4558
3.6475
3.2957
2.9212
3.5665
2.9222
3.6107
3.8851
3.9930
3.4200
3.2163
3.3901
3.7348
3.2044
3.7245
2.7246
3.1288
2.7917
3.4416
3.0372
3.6479
3.5725
3.0320
3.1254
3.3997
3.0656
3.1235
3.3294
3.5194
3.5359
3.3783
3.6061
3.6897
2.6698
3.6894
3.3106
2.8388
3.5724
3.6890
3.3872
3.7082
3.6992
3.6727
3.3191
3.5798
3.4048
3.6129
3.4511
3.4431
3.4212
3.7053
3.6502
3.6135
3.4725
3.5200
3.6943
3.6920
3.0982
3.4318
2.7313
3.2849
3.7862
3.6268
3.5214
3.4478
3.0403
3.0685
3.7528
3.4032
3.4108
3.5224
3.1198
3.0976
3.5643
3.3552
3.2478
3.4762
3.2951
3.8072
3.4393
3.8106
3.6029
3.7776
3.3614
3.3548
3.8934
3.8579
3.3570
3.7476
3.1357
3.3097
3.2390
3.2418
3.0749
3.1192
3.2754
3.4895
3.4404
3.3988
2.4881
3.4854
3.1323
2.6613
3.4375
3.2659
3.6744
3.3809
3.6132
3.8419
3.6121
3.6782
3.1540
3.8744
3.5193
3.7212
3.8517
3.8243
3.8269
3.9454
3.6091
4.0569
3.6839
3.7892
4.1347
3.8709
4.2326
3.6081
3.3552
3.6344
3.6649
3.4388
3.6348
3.7075
3.6901
2.8078
3.4059
3.7327
3.6745
3.7571
3.7309
3.6946
3.7134
3.5549
3.5367
2.8270
3.7614
3.3444
2.7891
3.1265
3.4145
2.5160
3.5519
2.9232
3.3758
3.5657
3.6296
4.0889
3.1307
3.2396
2.9287
2.9839
2.8918
3.2980
3.3332
3.1648
2.8313
3.3472
3.6171
3.7003
3.3779
3.4782
3.3352
3.4212
2.6300
3.2217
2.9701
3.5418
3.3910
3.1490
3.4926
3.8097
3.4516
2.7296
3.4241
3.1273
3.1105
2.7463
3.1882
3.4140
3.5275
3.2767
2.8673
2.6708
3.2508
3.3073
3.4483
2.8388
3.1986
2.9289
2.8992
3.1575
3.4871
3.4045
3.5699
3.6189
3.7843
3.4692
3.2276
4.2718
3.7921
3.6144
3.8364
3.5445
3.6006
4.1166
3.8740
3.4961
3.7609
3.8298
3.6959
4.3216
3.0841
3.5078
3.1082
3.5965
3.3435
3.3331
3.6215
3.5317
3.2681
3.6530
3.7941
3.3362
3.3800
3.0393
3.6917
3.4880
3.5142
3.4245
3.1962
3.5531
3.1603
3.7965
3.4644
3.3613
3.6806
3.1036
3.5090
3.0803
3.6615
3.6726
3.7788
3.7416
3.2940
3.6228
3.5840
3.7965
3.7907
3.5474
3.7083
3.2932
3.8097
3.5655
3.0970
3.3504
3.3964
3.1594
2.8307
3.6939
3.8144
3.8181
3.8685
3.8406
3.6065
3.8380
3.7210
3.1428
3.8447
3.7954
3.6160
3.7801
3.8217
3.5146
3.4025
3.6122
3.6087
3.4585
3.2271
3.4819
3.8678
3.7898
3.7722
3.9584
3.2257
3.7239
3.3360
3.9582
3.8845
3.5914
3.5705
3.8682
3.8764
3.6311
3.3394
3.5493
3.7685
3.3546
3.1005
3.9489
3.7114
3.7482
2.9905
3.2969
3.5479
3.2081
3.5157
3.7996
3.7793
3.3627
3.0839
3.6658
3.6112
3.5048
3.7096
3.5991
3.3653
3.8261
3.7008
3.4991
3.8891
3.1066
3.4487
3.5434
3.5264
3.9032
3.8669
3.8295
3.2305
3.7546
3.9475
3.9653
3.8434
3.8802
3.8866
3.3908
3.3007
3.5127
2.6624
3.5636
3.0598
3.1816
3.5543
3.7379
3.3121
3.6130
3.7557
3.6920
3.7567
3.0868
3.8014
3.6646
3.6221
3.6348
3.3874
3.5019
3.8593
3.6748
3.8547
3.8113
3.1241
3.2989
3.2268
3.6908
3.8087
3.9031
3.2726
3.6633
3.1788
3.6620
3.4477
3.5702
3.4582
3.0366
3.7828
3.2799
3.6130
3.5501
3.6576
3.8989
3.7970
3.5085
3.2992
3.6415
2.8886
3.6450
3.2926
3.7984
3.9589
3.4900
3.8080
3.9169
3.8620
4.2295
4.1497
4.0824
3.9232
4.2939
3.5035
3.0831
3.8092
3.7491
4.0130
3.8286
3.7179
3.7619
4.0187
3.5703
3.7650
4.1230
3.3984
4.6124
3.5556
3.8104
3.7039
3.7876
4.2004
3.7397
4.0606
4.0672
4.1190
3.2591
3.9524
3.4899
3.5772
3.1349
2.6925
3.3100
3.3622
3.3552
3.3460
3.7685
3.3559
3.3521
2.8256
3.7061
3.3021
3.3281
3.7312
3.3778
3.3644
3.1580
3.4628
4.1088
3.7545
3.3118
3.6474
3.7311
3.6186
3.2123
2.7543
3.6226
3.7403
3.8206
3.2622
3.1901
3.2504
3.5001
3.8503
3.1360
3.7889
3.7879
3.6167
3.5300
3.2732
3.2731
4.1099
3.0360
3.3984
4.1425
3.1697
3.1395
3.1679
2.5117
3.2647
3.6364
3.1937
3.2119
3.2346
3.2276
3.6004
4.1371
4.0322
3.8045
3.1143
3.8250
3.9341
3.3846
3.7695
3.4264
4.1172
3.7491
3.6639
3.8823
3.3339
3.7292
4.2654
3.7413
3.5940
3.2983
2.6917
3.9918
4.1331
3.4572
3.2989
3.2616
3.0197
3.3180
3.3524
3.2915
3.3348
3.3294
3.0889
3.2951
3.2977
2.6915
2.4193
3.2334
3.3493
2.8735
3.2336
3.2640
3.2627
3.2613
3.3002
3.1673
3.3337
3.2890
3.0529
3.1802
2.9647
3.0499
3.1584
3.0545
2.8643
3.2834
3.2869
3.0279
3.2931
3.1653
3.3237
3.2960
3.2958
3.3241
3.0570
2.7200
3.3265
3.3463
3.0681
3.0294
3.3428
3.3484
3.3609
3.1868
3.3462
3.2903
3.3616
3.3422
3.0673
3.3582
3.3952
3.6784
3.8034
3.5316
3.5081
3.5937
3.5823
3.7480
3.3591
3.4232
3.5353
3.7809
4.0682
2.7798
3.7858
3.5683
3.8391
3.8846
3.6303
3.7070
4.1396
3.9371
3.6182
3.7903
3.5109
3.5692
3.4657
3.5112
3.8026
3.9706
4.0614
3.9066
3.9212
3.9994
3.3066
3.3974
3.3996
3.5973
3.8684
3.8315
3.9350
3.8403
4.0154
3.9859
3.9124
3.6381
3.6153
4.0817
3.7680
3.5200
3.5819
3.4973
4.0365
3.9135
3.7470
4.0419
3.8163
4.0714
3.5683
3.4122
3.3704
4.0982
3.4854
3.8097
3.7162
3.6910
2.7136
3.8755
3.2895
3.5219
3.3765
3.6905
3.3778
3.4212
3.4915
3.9220
3.4376
3.8909
3.4720
3.8192
4.0031
3.7583
3.7237
3.9315
3.9859
3.7424
3.7421
2.7337
3.1850
3.4948
3.8590
3.8304
3.3451
3.1750
3.8779
3.4916
3.1697
3.6079
3.5754
3.7606
3.6422
3.5773
3.5180
3.4461
3.7091
3.3679
3.4438
3.4134
3.4633
3.5050
4.0019
3.2921
3.6754
3.2230
3.2139
3.6424
3.2969
3.6998
3.7659
3.7515
3.5527
3.5853
3.5329
3.3624
3.7371
3.2977
3.0586
3.7984
3.7848
2.0243
3.1908
3.2845
3.7800
3.3368
3.3548
3.5257
2.7294
3.3189
3.3500
3.6552
2.9668
3.6701
3.1912
3.4557
2.7456
3.7405
3.7436
3.5475
3.5347
2.9185
3.6979
3.8071
3.6773
2.6664
3.3611
3.6103
3.4053
3.3434
3.5709
3.6311
3.0355
3.2045
3.2085
3.4209
3.4552
3.0713
3.4175
3.6015
3.2411
3.6628
3.6798
3.5715
3.3551
3.4941
3.5573
3.6441
3.4773
3.5940
3.4345
3.6868
3.5301
3.3380
3.5149
3.6723
3.2082
2.9249
3.5343
3.4792
3.4582
3.4254
3.5936
3.0051
3.3161
3.7951
3.8573
3.5574
3.7305
3.6026
3.4310
3.5751
3.4604
3.5480
3.4407
3.1402
3.7409
3.7659
3.6413
3.6748
3.7837
3.1816
3.5210
3.6680
3.7981
3.6165
3.5507
3.6504
3.7600
3.7309
3.2929
3.5173
3.4638
3.3527
3.3388
3.6880
3.0732
3.2278
3.8101
3.7708
2.8401
3.7926
3.3413
3.3544
3.1927
3.6205
3.8408
3.9015
3.6667
3.6564
3.6382
3.6203
3.6015
3.7569
4.0271
3.9591
3.1076
3.6421
3.6079
3.5697
3.5599
3.2431
3.6040
3.5943
3.6629
3.6985
3.7127
3.2272
3.3173
3.7449
2.7403
3.4082
3.8961
3.6892
3.7477
3.2669
3.2942
3.6636
3.4185
3.6517
3.7124
3.6301
3.7918
3.7477
3.7401
3.6557
3.6659
3.7453
3.7394
3.7017
3.4284
3.4122
3.7446
3.8451
3.3948
3.3080
3.6726
3.6117
3.1127
3.6728
3.5711
3.1271
3.5978
3.6201
3.5928
3.4941
3.2214
3.3971
3.3349
3.6863
3.3451
3.5612
3.6727
3.7546
3.2961
3.8279
3.7389
3.8041
3.8028
3.7174
3.7983
3.3749
3.4681
3.8098
3.3201
3.4400
3.5756
3.5276
3.7162
3.6493
3.7353
3.4094
3.5991
3.7662
3.4977
3.7209
3.7789
3.7186
3.0513
3.8678
3.5105
3.1844
3.2259
3.5046
2.8223
3.2271
2.9479
3.5048
3.3280
3.2580
3.3134
3.6099
3.0195
3.3588
3.1777
3.5553
2.5654
3.3605
3.5429
3.6057
2.5822
3.6353
3.2024
3.8391
2.9014
3.7010
3.6473
3.3823
3.4299
3.4808
3.4992
3.4707
3.2222
3.3710
3.0773
3.4515
3.3184
3.1644
2.8673
2.9607
3.1830
2.9643
3.7738
3.3493
3.5557
3.7577
3.3531
3.3385
3.5656
3.3888
3.3035
3.5172
3.5497
3.5408
3.7437
3.7392
3.5670
3.4430
3.5657
3.5851
3.4059
3.4758
3.6917
3.8577
3.6504
3.6218
3.5468
3.4995
4.2617
3.3403
3.9125
3.7357
3.9892
3.3578
4.2390
4.0609
3.9194
3.4287
3.4326
3.4438
3.5458
3.8615
3.5650
3.8238
3.7094
3.3922
3.6272
3.2038
3.3369
3.8797
3.8182
3.2810
3.4469
3.3269
3.5496
3.7783
3.1310
3.3225
3.5742
3.1646
3.2016
3.3614
3.8148
3.5183
3.5468
3.4191
3.1904
2.9968
3.0915
3.5528
3.8337
2.6975
3.3900
3.2747
2.7557
3.1838
3.5023
3.2460
3.4790
2.9719
3.6024
2.7925
2.9916
3.5633
3.5845
3.6397
3.2860
3.3824
3.9035
3.1443
3.4219
3.4829
3.9056
3.9667
3.9299
3.2264
3.8438
3.6255
3.9321
3.0656
3.6409
3.7520
3.4410
2.9719
3.9983
3.2650
3.5017
3.1569
3.8335
4.0014
3.9414
3.9227
4.0060
3.0896
3.8511
3.5836
3.5374
3.9291
3.3486
3.0078
3.7251
3.1337
3.1400
3.0926
2.9379
3.5220
3.8680
3.8555
3.7290
3.7857
3.5754
3.7834
3.8856
3.4645
3.3798
3.1673
3.4346
3.7490
3.5733
3.4723
3.2428
3.6437
2.9632
3.6491
3.6554
3.1002
3.5610
3.2047
3.3956
3.8476
3.5119
3.6490
2.7262
2.7332
3.2597
3.0183
3.1956
3.7359
3.5422
3.0258
3.7058
3.3663
3.4645
3.7064
3.5914
3.4762
3.4681
3.1654
2.9074
2.8922
3.6009
3.6794
3.6477
3.0243
3.3362
3.5148
3.4586
2.7343
3.1915
3.6166
3.6368
3.0750
3.5629
3.3567
2.3755
2.3829
2.7435
3.4808
3.4520
2.7626
3.5866
3.7160
3.4078
3.7059
3.3636
3.4077
3.6494
3.6555
3.7216
2.8238
3.2715
2.7872
2.6454
3.2911
3.2528
3.2251
3.5429
3.4434
3.5341
3.5292
3.4463
3.6571
3.2578
2.6791
3.4462
3.7909
3.8516
3.3866
3.6336
3.6174
3.5253
2.9380
3.7441
2.7496
3.6586
3.6790
3.8630
3.7884
3.2841
3.3192
3.1551
2.9265
2.8991
3.4960
4.0415
2.7401
3.9207
4.2276
3.3589
3.2029
3.9024
3.5216
3.6850
3.5440
3.8368
3.5300
3.4236
3.8350
3.8264
3.9649
3.6737
3.6225
3.9746
3.7905
3.5458
3.2014
3.7844
3.8366
3.9073
3.4548
3.4233
3.6627
3.2300
3.6844
3.5793
3.6766
3.7837
3.6956
3.3363
3.9032
3.8135
3.3398
3.7106
3.7807
3.7488
3.9713
3.2955
3.2994
3.3775
3.8760
3.3024
3.3680
3.7653
3.8366
3.5013
4.0005
4.0524
3.9502
2.7659
3.4691
3.4356
3.5273
3.4488
3.3866
3.3058
3.7482
3.7949
3.1500
3.4332
3.2087
3.4902
3.5861
3.4012
3.5431
3.9314
3.7948
3.2407
3.6987
3.2659
3.7440
3.7663
3.7705
3.7606
3.6430
3.7861
3.6544
3.8758
4.2351
4.6651
3.2313
3.8216
3.6192
3.4808
3.5970
3.5922
3.6072
3.6071
3.7106
3.6234
2.7004
3.6100
3.6772
3.6661
3.6194
3.5742
3.8581
3.5354
3.3598
3.7573
4.4427
3.6004
3.2782
4.1730
4.0304
3.7356
3.1779
3.7417
3.8229
3.8598
3.8523
3.1942
3.5814
4.3371
4.3530
4.5928
4.3662
4.3413
3.1927
3.5915
3.8668
3.8384
2.8428
3.8635
3.9679
3.9483
3.7242
3.6712
4.1478
3.8015
3.8399
4.5776
3.2442
3.4979
3.2448
2.9983
3.2008
3.7224
3.3071
3.3393
3.2369
3.1850
3.1044
3.8989
3.3041
3.5377
3.6424
2.7513
3.8335
3.8492
3.8090
4.0817
3.7421
3.1784
2.2323
3.5302
4.0138
3.7378
3.7276
4.5466
3.8839
3.8027
3.4990
3.7608
2.7779
3.4444
3.1942
3.0325
3.1228
3.0521
3.3201
2.8363
2.9488
3.1854
2.9431
2.8384
3.1689
3.6642
3.5557
3.2026
3.6961
3.2413
3.4827
3.2174
3.7031
3.1119
2.5270
3.6967
2.8970
3.0068
3.6952
3.6788
3.6928
3.6684
3.1608
3.7013
3.6970
3.6647
3.4560
3.5184
3.3578
3.1668
3.0596
3.4678
3.1478
3.6781
2.5679
3.0760
2.6439
2.7247
3.3863
3.5883
2.7555
3.2121
2.8207
3.0085
3.7516
2.9990
3.5267
3.0716
3.7681
3.4564
3.2199
2.9196
2.9890
2.9694
2.8239
3.7537
3.1806
3.3274
3.6887
3.7586
3.7651
3.0514
3.7335
3.5222
3.5084
3.3927
2.5409
3.7974
3.6299
3.1182
3.0791
3.1045
3.0011
3.3598
3.2411
3.1101
3.5659
3.5808
3.3220
3.7110
2.7805
3.7465
3.7896
3.0952
3.5623
2.9805
3.5146
2.9582
3.6589
2.8888
3.6806
3.4634
3.5652
3.1011
3.1526
4.0334
4.1589
2.2330
2.5788
3.9766
3.8678
2.5685
3.5021
3.6314
2.5572
3.5187
3.1301
2.9229
3.3465
3.7535
3.4704
3.8229
3.3894
3.4994
3.5181
2.2060
3.9611
3.7558
3.8756
3.5645
3.7971
3.8473
3.1869
4.1778
3.9530
4.2944
3.5937
2.9127
3.1510
3.4750
3.5713
3.9450
3.0837
2.4274
3.8634
3.9247
3.7409
4.0384
1.6449
3.1749
1.5669
2.5266
3.1829
3.2101
2.9181
3.2408
3.2028
2.9399
3.3415
3.2762
3.1984
3.0803
2.0615
2.9255
2.5434
2.8250
3.3725
3.2785
3.1508
3.3255
3.4136
3.1010
3.3661
3.1176
3.5222
1.5762
3.4531
3.0443
2.5120
2.5975
2.1669
2.8537
3.2693
2.9961
2.3896
2.1179
2.5510
3.1525
2.8369
3.0264
3.0850
1.9416
3.4792
2.7473
3.2999
3.3740
3.3565
1.9590
2.1619
3.0717
2.9007
3.3361
2.8800
2.4964
2.1673
2.6716
2.9552
3.4237
2.7115
3.0184
1.8393
3.4121
2.8122
2.2846
2.5354
3.4648
2.7206
1.9857
2.3884
2.1574
2.5735
2.8881
2.9880
2.4048
2.8861
3.0731
3.0763
3.1544
2.2219
2.7813
2.6503
1.3341
2.7282
2.9272
2.9121
3.4186
3.0951
2.9751
2.5100
2.8447
3.4550
3.1431
3.1855
2.6924
2.9146
2.6266
3.2568
2.9892
3.0031
3.5116
3.3385
1.3815
2.8567
2.6940
1.9409
2.6767
2.7165
3.5638
3.2406
3.4877
2.7717
2.4068
2.1494
2.7664
2.3601
3.5607
3.4771
3.4091
3.1889
3.1495
3.4682
3.5081
2.7588
3.6402
3.4267
2.7519
2.8811
3.4238
2.4051
3.0643
3.5067
3.1113
2.2805
2.5523
3.2680
2.0201
2.8821
2.5438
3.3554
2.9218
3.2170
3.0937
2.9800
2.9441
3.1838
2.7714
2.9688
2.7075
3.1090
2.7286
2.1444
3.5875
3.5428
1.4422
1.5940
2.2813
1.5558
1.8392
2.4345
3.0977
1.9350
2.0712
3.2182
2.5836
2.5916
2.0625
1.9411
2.5259
2.2144
3.6748
2.5853
2.8329
2.7277
2.9981
3.1277
2.9846
3.5838
3.0760
2.7571
3.2808
3.5626
3.8370
3.0897
2.8160
3.5569
2.8076
3.3256
2.7541
2.9658
2.7183
3.4483
2.7195
2.8984
2.8776
3.0750
2.8392
2.9911
2.8374
3.0666
3.3645
2.6154
2.8563
2.9053
1.7583
2.6626
2.9913
3.7938
2.6190
2.7406
2.6005
2.6228
3.3755
3.7568
2.8054
3.8557
3.3227
3.2642
2.9497
3.4033
2.5111
3.2317
2.4991
2.1774
3.0599
3.6457
2.8215
3.1587
2.4263
3.3024
2.6207
3.6900
3.1985
3.2770
2.5481
2.8798
2.9189
3.3835
3.4961
2.3368
3.2417
2.6772
3.0304
2.7436
2.9864
2.5940
3.6135
3.2684
2.6632
3.0736
3.3348
2.6563
3.3965
2.4517
2.6466
3.3420
3.5300
2.2342
3.0089
3.1915
3.5865
3.1018
2.2924
3.5340
2.1229
2.9765
2.8323
2.7515
3.2035
3.3042
3.2273
2.4958
3.3148
2.5246
2.7264
3.5282
3.2825
3.2826
2.0502
2.9917
2.3588
2.5456
1.9837
2.6911
3.3597
2.7946
3.1205
2.9573
2.7585
2.3827
2.5401
3.2360
3.3945
3.4278
1.7121
3.0907
1.9984
2.8341
2.5744
2.4901
2.2688
3.0874
3.2095
2.4442
3.0549
2.8092
2.4884
2.4876
3.1476
3.2388
2.6201
3.1570
3.3523
2.5078
2.9867
3.4294
3.1341
3.2111
2.7898
3.5260
2.5420
2.4833
2.3778
2.9235
3.1780
2.8495
3.4163
2.2010
3.3300
2.0068
2.7162
3.3138
2.2490
3.0794
3.4910
2.8598
2.9438
2.5336
2.2739
2.7633
1.6246
2.7039
2.5871
2.3976
3.2295
2.9305
2.9414
2.6625
3.0263
2.3045
2.1906
3.3759
2.5683
3.0999
2.4555
2.8896
3.3160
3.4269
3.4390
3.2045
3.2393
2.5593
2.7169
2.4075
3.0421
2.7412
3.0488
3.2735
3.3611
3.0743
1.9504
2.6710
2.5881
2.8639
2.9122
3.0006
2.8701
3.3092
2.8547
3.1473
3.2801
3.4754
3.5629
1.8828
2.4739
2.4412
2.7500
3.1206
2.7154
3.4783
2.3850
3.2111
3.2452
2.9989
2.4474
1.7246
3.2747
3.6195
2.9214
2.3578
1.8492
2.1994
3.0548
2.8251
2.7163
3.0111
2.1649
2.6855
3.0200
2.2460
3.4592
2.7685
3.3179
2.6644
2.4561
2.5713
3.0115
2.9750
3.6001
3.5287
3.4655
3.3288
2.9883
3.3547
3.6697
1.5902
3.2436
3.1165
3.6349
2.9246
3.6816
3.5505
3.3873
2.8867
2.4149
2.9031
3.1501
2.3389
2.8775
2.4572
3.0038
3.0620
2.9248
2.1295
3.0826
3.1279
2.7786
2.8781
3.1555
3.2537
3.1184
2.8695
3.2667
3.2323
1.5612
2.1117
1.8867
2.2593
3.0789
3.0690
2.8978
2.4548
3.0045
2.9984
2.6784
3.1744
1.3873
2.8796
3.2022
3.3908
2.4181
2.5557
2.5940
2.8301
3.1082
3.3828
2.6773
3.1451
3.1387
2.3226
3.0110
2.1973
2.5742
2.9108
2.8126
2.8915
1.4179
3.1813
3.0024
3.0896
3.1295
2.5292
3.3037
2.4392
2.0250
2.8999
3.3119
3.2571
2.0135
3.2560
3.0915
3.0823
2.7417
3.3028
3.2772
2.8665
3.3226
2.7138
2.5817
2.3758
2.7451
1.9719
3.0547
2.9308
3.2458
2.8757
2.9562
2.9959
3.0397
2.9949
2.5337
2.8519
3.0298
2.8486
3.3079
3.1198
2.3447
3.0136
3.2092
2.9188
2.2153
2.7039
2.5441
2.6367
2.2034
2.6706
2.7715
3.0153
2.3593
2.0450
2.6802
2.6024
2.7048
2.3968
3.0459
3.1997
3.0049
2.0006
2.5478
2.7982
3.4479
2.1889
3.3745
3.3236
2.0915
2.4431
3.4155
1.9172
2.7079
2.2757
2.7938
2.4574
2.9394
3.4110
3.1882
2.1724
2.8829
3.1417
2.5535
2.6108
2.7467
3.0740
3.3962
3.0507
3.3481
3.3503
2.0420
3.1785
2.4644
2.4643
2.3367
2.7405
2.5558
2.7772
2.3690
2.0338
2.4697
2.9829
2.2892
2.5446
2.6480
2.8598
3.3455
2.3398
3.4633
2.9907
2.7907
2.4580
3.0723
2.9931
2.6780
2.7333
3.4174
3.5144
3.2301
3.2910
2.9840
3.1839
2.9269
3.7749
2.2569
3.8002
4.0205
3.2213
3.4120
3.0984
3.0578
3.3083
3.3830
3.8406
3.6029
3.2691
3.1664
2.8381
3.7720
2.9258
3.0242
3.9579
3.8974
3.9106
3.5537
3.2922
2.7416
3.9522
3.3206
3.5665
3.0263
3.5568
3.4105
3.6312
3.9237
3.4581
3.0919
3.8783
3.3483
3.3320
3.3408
3.7753
3.8957
3.7613
3.4160
3.8217
3.8983
3.9862
2.9366
4.1991
3.6489
3.4880
3.7747
3.8390
3.7879
3.5000
3.1894
3.6118
3.0167
3.5823
3.3776
3.4125
3.9392
3.9930
2.2452
3.7410
3.5737
4.0192
3.8195
3.8307
4.0420
3.2104
3.7819
3.8879
4.0639
3.5455
3.2886
3.0166
3.5848
3.2670
3.6444
3.6710
3.7429
3.6221
3.8087
3.2876
3.5958
4.0801
3.4570
3.4932
3.6684
3.9585
4.1606
3.8967
4.2853
3.0405
4.3650
2.9107
3.9071
4.0237
3.1713
3.1153
4.1453
3.9043
3.9828
4.2306
3.7789
3.6934
1.8805
2.5070
3.4250
2.4063
2.4881
2.5684
3.1358
3.2941
3.0890
2.9626
2.8488
2.1224
2.0311
3.9161
2.5360
3.3122
2.7606
3.8176
3.6626
2.2035
2.4824
2.2370
2.8573
3.4994
3.6383
3.3690
3.1070
3.7355
3.2752
3.2726
2.3471
3.4745
2.5858
3.0483
3.2633
2.5457
3.0035
2.6013
3.4216
2.8075
3.1911
3.6726
3.4720
2.8090
1.5680
3.1946
3.6227
3.3401
2.8901
3.1045
3.3347
3.6890
3.1781
2.4649
2.4867
2.4125
3.5961
2.4045
3.2410
2.6907
3.1695
3.3619
2.6418
3.5846
3.4842
3.3010
2.5580
3.5464
3.3117
3.3215
3.6192
3.7908
3.7362
3.4201
3.2525
3.7563
3.2462
3.4909
3.4803
3.7080
3.1105
3.8502
3.7728
3.5396
3.2775
3.5406
3.5811
3.4748
3.4061
3.3728
3.4821
3.4020
3.4442
4.1502
4.0021
3.3838
4.2163
3.9937
4.2516
3.7764
3.4873
3.9416
3.7697
3.8793
3.3855
4.1245
3.5041
3.7610
3.1489
3.9342
3.7801
3.5913
3.3610
3.7189
3.5345
3.6743
3.4112
3.6354
3.8202
3.6524
3.7703
3.9319
3.6323
3.5257
4.2359
3.6020
3.7481
3.1010
3.5979
4.0077
3.7609
3.5067
4.0105
4.1116
3.6798
4.2424
3.7597
3.7457
3.5787
3.9300
3.6107
3.8228
4.3050
3.5576
3.4944
3.2994
3.5142
3.5078
3.2248
3.6040
3.4697
3.5727
3.5860
3.4561
4.0398
3.2993
3.6302
3.8344
3.7898
3.7657
3.6533
3.5366
3.1646
3.9059
4.0589
3.8982
3.6792
3.6829
3.4815
3.7009
3.5606
3.9588
3.6592
3.5378
3.7841
3.5238
3.7070
3.7134
3.4554
3.4082
3.2353
3.4583
4.1229
3.6480
3.4268
3.5241
3.4936
3.4377
4.2482
4.1311
3.8303
4.2425
4.0720
3.8047
3.6820
3.4026
3.5577
3.1291
3.6722
3.5640
4.3434
4.0594
3.8764
4.3588
3.7374
3.3306
3.8255
4.0595
3.9556
3.6556
3.6952
3.7583
4.3665
3.7761
4.4610
3.7243
3.6297
3.8279
2.7642
3.1960
3.0997
3.2465
2.9989
3.4959
3.4107
3.2099
3.6882
3.1978
2.4716
2.8460
3.1337
3.5970
2.4429
2.2179
2.6875
2.8465
3.6278
3.7734
3.2260
3.4513
2.3827
2.8951
3.2589
3.5336
3.0449
3.3755
2.3236
3.0115
3.4590
3.1152
2.7743
3.4343
2.5944
3.5944
3.4899
3.3896
3.4188
2.2808
3.4120
3.4658
3.7389
3.5643
2.5820
3.0147
2.5518
3.6104
3.1400
3.7079
3.6424
2.9933
3.0998
3.5780
2.9142
3.4619
3.5046
2.6906
1.7156
2.6200
3.3811
3.1648
3.8131
3.5128
3.8069
3.7660
3.8238
3.6116
2.5924
2.2103
2.5256
3.3535
2.8146
3.4672
3.5883
3.4090
3.7056
3.5862
3.5111
2.9601
3.7043
3.2752
2.8801
3.2897
3.7662
3.3986
3.4983
2.7430
2.5517
3.4222
2.8199
2.4182
2.8280
2.9613
3.4514
3.4750
2.5408
2.9689
3.0871
2.2811
3.2116
2.9332
3.5685
3.6453
2.7880
3.5874
3.0918
3.1499
3.1206
2.6130
3.5431
3.8212
2.9723
3.0347
3.9238
3.6959
2.8588
3.3669
3.2814
3.8351
3.8229
3.8325
3.6968
3.6814
3.0399
3.3366
3.9764
3.8453
3.7874
3.9959
2.6860
3.8057
3.1893
3.5673
2.7153
3.5563
3.3250
2.9259
3.2117
3.6240
3.0327
3.9690
3.5691
3.3312
2.6860
3.9886
3.2770
3.6374
3.9580
3.2570
3.1204
3.9455
2.8215
3.7313
2.5958
2.6141
3.7510
3.3006
2.6115
2.8279
2.7673
3.6444
3.3824
3.6301
3.9513
3.6931
3.0301
3.4213
3.1563
3.8558
3.7510
3.5064
3.9359
3.9968
2.3029
2.7669
3.9284
2.8934
3.5613
3.2654
3.7176
3.5687
3.6612
3.2762
3.1379
3.4374
2.9968
2.2867
3.9928
2.5469
2.7261
3.3436
3.2812
3.6694
3.1318
3.2269
3.3464
3.5411
2.4951
3.4594
2.6104
2.7355
2.5386
3.5078
3.2701
3.4961
2.8556
3.4653
3.5413
3.4826
3.1158
3.6454
2.8479
3.5378
2.5870
2.7029
3.2717
3.1107
2.9475
2.4286
3.4415
3.2769
3.4192
3.2699
3.5327
3.1897
3.5494
2.9830
2.6700
3.6172
1.7518
3.1324
3.3791
3.5949
2.4953
3.5343
2.6082
2.9336
3.4103
3.2471
3.1233
2.6632
3.1036
3.6118
2.7861
3.2981
3.7455
3.9901
2.5001
2.7181
2.3401
2.6269
3.6077
2.5245
3.0786
3.4188
3.5473
3.0967
3.1455
3.0691
3.1950
3.0889
3.2374
3.4802
3.3126
3.0682
3.4867
3.1416
3.3922
3.7378
1.8433
3.6253
2.9898
3.3809
3.3563
3.1716
2.7508
3.4866
3.5822
3.4731
3.1562
3.6549
3.5545
2.7862
3.5424
2.9319
3.4678
3.3159
3.4634
3.7357
3.7018
3.6484
3.3881
3.3680
3.3080
3.1931
3.3245
3.1531
2.7411
3.0596
3.3355
2.2160
3.2328
2.4332
3.4697
3.2127
2.3234
2.9282
3.1589
2.9570
2.4200
3.2484
3.4728
3.4058
3.3301
2.6340
3.1510
2.3117
3.4479
3.0293
2.8877
3.1643
3.4673
2.0802
3.1644
2.2034
1.6735
3.0624
2.7507
3.4757
2.3848
2.8835
2.3984
3.5037
3.2715
3.1192
2.8727
3.4022
3.5165
3.0730
3.3745
2.4802
2.6329
2.8088
2.3835
3.2064
3.1958
3.3475
2.3586
3.4019
2.7554
2.3660
3.4682
3.3926
3.0535
2.6231
2.9658
2.7204
3.4964
3.0866
3.4725
2.4015
2.3966
3.0389
3.0239
2.5421
3.3301
3.4439
3.2325
2.3433
3.0287
2.6014
2.6473
3.4183
3.3927
2.5485
2.6020
2.5843
2.9081
2.7213
3.3009
3.0310
3.5188
3.1279
3.5297
3.5650
3.6834
3.4755
3.7338
3.3062
2.5645
2.9800
3.5575
3.6708
3.5941
3.0259
3.2153
3.2650
2.7548
2.8067
3.3500
3.4420
3.4505
3.5543
3.2721
3.3267
3.1085
3.1776
3.4648
3.5327
3.6993
3.4210
3.5533
2.7847
3.3730
3.0534
2.9627
3.5211
3.4141
3.5653
3.4381
3.2227
2.9675
3.2923
3.5965
3.6370
3.1461
2.5415
3.0700
3.4233
2.9828
3.0507
3.5580
3.3979
3.3998
3.3744
3.1022
3.4105
3.5205
3.5773
2.9314
3.4685
3.2759
3.4532
3.3119
1.0024
3.1739
1.8301
2.6252
3.0538
2.3221
2.7965
2.0867
2.5200
1.8308
2.7653
2.2271
2.2324
2.0232
3.0622
2.7849
1.3145
2.8469
1.8142
2.8230
2.9584
1.8467
2.2769
3.1178
2.1293
2.6915
2.5757
2.3827
2.7776
3.1514
2.1977
2.8338
3.2513
3.3903
1.9458
2.0800
2.2135
3.3853
2.6893
1.4919
3.2111
3.0939
2.9194
2.7149
2.6767
2.8493
3.0453
3.4286
2.6844
2.3031
2.9537
3.3138
3.4447
2.9834
2.9779
2.1608
2.4058
2.3941
2.7497
2.5917
2.8915
3.0456
3.1250
2.8663
3.2334
3.3788
3.4687
2.8268
3.0300
2.9737
3.0543
3.4844
2.5161
3.2189
3.4357
2.1425
2.7879
2.3970
2.6777
2.3386
3.2668
3.0311
2.7473
2.2169
2.4258
2.6642
3.2246
2.9816
2.9244
3.1139
2.8790
4.0560
1.1907
3.1893
3.1223
3.2722
2.8461
2.6617
1.4045
2.9468
2.7851
2.9792
2.5692
2.6113
2.8369
2.8334
2.5597
2.6940
2.5966
2.3116
2.9842
3.7238
3.4182
3.8381
3.7930
3.4584
3.9286
3.6171
4.3707
4.0764
4.3167
3.7590
3.9096
4.4815
3.8108
3.7344
3.6627
3.6144
4.4398
4.0259
4.6365
4.0065
3.9076
4.0160
3.9037
4.3382
4.3237
3.7797
3.8561
3.4949
3.7128
4.3689
3.6135
3.8420
4.3229
4.0055
3.5922
3.2840
4.6178
4.0157
4.1998
4.4220
2.7839
3.0643
2.8968
3.3748
3.3189
3.1905
3.4520
3.5078
3.6155
3.3322
2.5310
2.5776
3.6300
3.1180
3.6384
3.2493
3.3662
2.9113
3.2739
2.7377
3.1336
3.7010
2.8228
3.2403
2.9303
3.2686
3.6202
2.6562
3.1985
3.7001
3.2772
2.9903
3.4534
3.7036
3.3166
3.6044
3.4925
2.4020
3.2053
3.0604
3.6208
2.3806
3.2148
3.2437
2.8484
2.9874
3.4936
3.7783
3.2317
3.3879
3.6959
2.4635
2.7549
3.4637
3.6608
2.7640
2.6353
3.5917
3.6715
3.5451
2.9362
2.9661
3.3041
3.2058
2.9406
3.8584
2.9114
3.4522
3.5787
3.5452
2.7447
2.3156
3.9210
3.5315
3.1798
3.8780
3.8732
3.5690
3.3988
3.1098
3.1821
2.9195
3.3681
2.6007
3.2613
3.7664
2.9551
3.2619
3.5614
3.3667
3.6129
3.6162
3.3956
3.4635
3.0932
3.8027
3.5191
2.8223
3.0694
4.4195
2.4971
2.6419
3.1081
3.8709
2.2026
3.1775
3.2477
2.6655
2.6265
3.6530
3.0535
3.1524
1.8394
2.8159
2.8395
3.1031
3.4061
3.0667
2.7475
2.4367
2.7300
3.1449
3.7223
3.4996
3.2209
3.6900
2.3819
2.2500
2.1372
2.4988
3.2652
3.0983
3.2317
3.2357
3.3801
3.2347
3.0393
2.9234
3.4960
3.4222
2.9170
3.7502
3.5005
3.4149
3.5976
3.2214
3.2343
3.7567
4.0191
3.2352
3.4479
3.1656
3.7261
3.7079
4.0467
3.6186
4.1290
3.3305
3.7166
3.2174
3.0614
3.7612
2.7790
2.3966
3.2155
2.7566
2.5333
3.3161
3.3935
3.1086
2.7952
3.5863
4.4211
2.6716
3.2630
3.1718
3.1656
3.1829
3.2283
2.9841
3.8291
2.4471
3.7352
3.5820
3.3278
3.4955
3.1826
3.5627
3.5857
3.4099
3.5261
3.6381
4.1176
2.4159
2.6515
2.9183
2.5271
2.7159
3.0653
2.8969
2.8252
2.7369
2.0971
3.0828
3.8432
3.5996
3.1915
2.2512
3.0621
2.9700
3.3180
2.6206
3.4853
3.0638
3.2326
3.9038
4.2136
3.6386
3.3211
4.1406
3.4082
3.5490
2.5379
3.0886
3.6807
3.7709
3.0712
3.0516
3.2385
3.2158
3.9817
3.6726
2.5340
3.5202
2.6544
3.2939
3.1967
2.9328
3.5355
3.4379
3.2783
3.5056
3.1803
3.1315
2.9705
2.3736
2.2067
3.0759
2.9490
3.3858
2.8464
2.7061
2.9633
3.3445
2.7323
3.9313
2.7128
2.9535
3.3945
3.9563
3.2619
3.1719
3.0408
2.6582
4.0267
3.4400
2.7878
3.9163
4.2722
3.5902
3.8652
3.0308
3.6203
3.0518
2.9881
2.5892
3.4072
3.7863
3.1710
4.1335
4.3765
3.3061
3.2092
2.2448
3.8868
3.3975
4.0005
3.6579
3.3710
3.7842
3.6743
3.6260
3.1587
2.8740
2.8186
3.3245
3.8515
3.7706
3.7580
3.7143
3.0418
2.9397
3.5445
2.5092
3.5996
2.8741
3.6305
2.7428
4.0042
3.5151
2.8814
2.2928
3.1761
3.5607
3.5601
3.6287
2.9897
4.4334
3.1222
3.9017
3.5822
4.2990
2.9928
3.3618
3.5382
3.5056
3.9574
3.1316
4.0982
4.4212
3.3413
3.3760
3.5394
3.4121
2.5934
2.4252
2.9406
2.8791
2.7627
3.4977
3.1292
3.7941
3.2874
2.9697
3.1376
3.3842
3.2423
3.3995
3.6603
2.6420
3.6313
3.6674
3.3399
3.7127
3.3751
3.3382
2.9491
3.9059
2.7344
2.5054
2.4804
3.5541
3.7495
3.0764
3.3722
3.9212
2.7765
3.3423
3.8178
2.8853
3.5877
2.9930
3.5783
2.6943
3.5964
3.6027
3.3739
3.2521
2.9725
3.2463
3.6314
2.9964
2.8333
3.8533
3.6401
2.7569
3.8730
3.3193
4.1624
4.2871
4.0289
3.9925
3.8728
3.6130
2.9752
3.1832
3.1725
3.5425
4.1104
3.6211
4.0670
4.0851
4.1809
4.0503
3.7209
3.4519
3.9271
3.0691
3.5176
3.4257
3.2733
3.1360
3.6831
2.8661
3.7271
3.5169
3.4959
2.7842
3.7866
3.3121
2.6288
3.6119
3.3399
3.5538
3.8661
4.5618
2.3500
2.9552
2.6653
3.1669
3.4517
3.1712
2.4564
3.3622
2.4682
2.6329
3.3144
3.2937
2.2918
2.4605
2.9156
2.5164
3.3474
2.6126
3.4062
3.3238
3.0477
3.3781
3.2167
3.5684
3.3882
3.0430
3.3379
2.9381
3.2535
3.3679
2.3796
3.3594
2.3383
2.8368
3.3950
3.3764
3.3721
3.0573
2.9594
3.2325
3.1203
3.3198
2.5171
3.3044
2.2848
2.6314
2.9489
2.6673
3.0166
2.4081
2.7310
2.5453
2.5969
3.1076
3.3188
3.1559
3.3312
2.8975
3.3906
3.3938
2.7192
3.4262
3.3860
3.0656
3.3931
3.0289
3.4081
3.1950
2.9804
2.4887
2.2805
3.3048
1.9656
2.2026
3.2440
3.2033
3.2049
2.4903
2.2220
3.1832
2.7083
3.2508
3.2960
3.1113
3.0524
2.2477
3.3870
3.2680
2.8230
2.3239
3.1367
3.2162
2.2164
2.7819
2.5074
3.3695
3.1782
2.5034
3.6451
3.5495
3.3976
2.8855
2.6071
3.4421
2.3361
2.8135
2.3151
3.3644
3.4896
3.3245
2.7945
2.9654
2.2913
2.9008
2.3120
3.1860
3.4627
3.4165
2.1632
3.3447
3.5392
2.6566
3.1259
2.8251
3.2294
2.7252
2.6085
2.7052
3.0260
3.4153
2.7825
2.3587
3.4174
3.3141
3.3529
3.1576
2.9384
3.3838
3.2164
3.4144
3.4087
3.4263
3.0907
3.4270
3.0606
2.5641
3.2151
2.9591
3.0289
2.1600
3.1645
2.3913
3.4700
2.3682
3.2590
3.2687
3.4889
2.9074
3.4305
3.0219
3.4020
2.7376
3.2223
3.1866
3.2808
3.2975
2.4778
2.4129
2.5282
3.3117
2.3437
2.5498
3.0569
3.4654
3.4771
3.3880
2.9320
2.3868
2.4077
3.3868
2.6652
3.4475
2.7589
2.7341
3.2279
3.5235
3.0158
1.9782
3.2916
2.9906
2.8308
3.1116
2.7282
3.3732
3.5226
2.4517
2.5020
2.4852
2.6877
3.0471
3.2902
3.2644
3.1248
2.8885
3.2865
2.4787
2.4415
3.1126
2.9338
2.3044
3.2931
3.0622
3.4131
3.4329
2.8451
2.9057
3.4303
3.4206
3.4115
3.3198
3.4053
2.5142
2.4347
3.2317
2.7186
2.4208
2.9851
3.4075
2.9055
2.4091
2.6260
3.0226
2.4176
2.4991
3.3261
2.7539
2.5416
3.3664
3.0345
2.6129
3.2205
3.2133
3.1892
2.3908
3.3749
2.3410
3.2869
2.9648
3.5552
3.2921
3.6171
2.4226
2.5718
3.1412
3.0475
3.5279
3.8500
3.1079
3.5282
3.5702
3.2091
3.4045
3.6923
3.0153
3.4967
3.7983
3.7682
3.5218
3.6707
3.3293
3.0308
3.3370
3.6320
3.7650
3.1156
3.7777
3.6560
3.8216
3.5442
3.7422
3.9019
3.4956
3.4359
3.4699
3.6078
3.5082
3.7882
3.1745
3.7978
3.5256
3.2871
3.5701
2.5921
3.2465
3.3891
2.4376
3.4577
3.3945
3.0500
3.2483
3.0580
2.4469
3.1978
3.5939
2.9553
3.1363
3.1272
3.5722
2.9436
3.5883
3.2054
3.5787
3.4495
3.5879
3.6286
3.6401
3.6343
3.6218
3.5627
3.5102
3.1108
3.3988
3.2246
3.0463
3.4872
3.3559
3.4559
3.4809
3.3223
3.2818
3.2904
3.4088
3.1405
3.2633
3.2490
3.3148
3.3787
3.2072
3.4952
3.3174
3.3420
3.4947
3.0286
3.1944
3.2199
3.1863
3.5240
3.2663
3.1367
3.2435
3.3885
3.1833
3.2461
3.3487
3.4174
3.3690
3.3568
3.3907
3.4701
3.4617
3.4633
3.1868
3.0014
3.3140
3.3048
3.3295
3.1765
3.3080
3.3235
3.2355
3.3923
3.2892
3.4051
3.2980
3.3581
3.3247
3.2473
3.1361
2.9326
2.5202
2.0181
2.3927
3.2668
2.1448
2.3475
2.1547
2.9266
3.1435
2.4121
2.0342
1.5689
1.7145
3.1000
2.3148
2.8910
1.3550
2.5876
2.5997
2.9354
2.3821
2.8096
2.6536
3.2851
3.1437
1.9399
2.6683
2.5252
1.7696
1.7413
2.3204
3.2398
2.7174
1.5595
1.7967
2.5189
2.6927
2.1362
2.9970
2.5237
1.5584
2.7535
2.2097
1.9031
2.7663
2.3491
2.7869
2.2443
3.0709
1.8587
1.9813
1.9571
2.8662
2.9886
3.0701
3.2611
1.9401
3.1818
2.6940
2.2867
2.5608
2.1431
3.0965
2.4060
2.7638
2.9824
2.2893
2.4197
1.5513
2.0831
2.4823
1.5119
2.3277
2.4269
2.3920
2.2674
1.5545
1.3097
1.6181
1.8897
2.3712
2.3166
2.1562
2.1643
1.5435
1.8380
2.4322
2.1854
1.7332
1.9247
2.1004
2.3437
2.3372
2.0270
2.6344
2.6178
2.3526
2.6084
2.7017
2.6941
2.2758
1.5403
1.7851
2.3533
2.4662
1.3947
2.5668
2.1347
2.7031
3.1292
3.4690
3.3424
3.2388
3.2354
3.5344
3.4401
3.2078
3.4069
3.4704
3.5352
3.5840
3.5176
3.2095
3.0927
3.5490
3.4061
3.0486
3.4584
2.9774
3.4446
3.5951
3.1576
3.6418
2.7862
3.7430
3.7223
3.5553
3.0563
3.6303
3.2990
2.6732
2.9642
2.4335
2.4471
3.5151
3.0186
3.5699
3.1501
3.2047
3.2834
3.3478
3.4396
3.3443
2.5582
2.2961
2.5362
3.3118
2.7179
2.6633
3.4407
2.7359
2.7189
3.4327
3.6106
3.5608
3.1304
3.1417
2.8712
2.3421
3.6545
2.4406
3.3052
3.1072
3.0788
2.7574
2.7741
3.5377
2.2829
3.2579
3.7525
3.3551
3.7624
3.7680
3.3046
3.2773
3.7908
3.7332
3.7956
3.7807
3.4785
3.7809
3.5645
3.7695
3.5794
3.5947
3.7660
3.6974
3.3649
3.3186
3.5931
3.7910
3.7825
3.7349
3.5661
3.5920
3.1637
3.7392
3.5341
3.7056
3.6646
3.7552
3.7705
3.6579
3.7575
3.7399
3.6991
3.7522
3.4743
3.4671
2.8948
3.6811
2.9609
3.2254
2.5455
3.5202
3.7692
3.5279
3.6844
3.6980
3.1953
3.5492
3.5954
3.6209
3.5605
3.4067
3.2697
3.5952
3.5509
3.3762
3.6176
3.3334
3.3471
3.4575
3.2596
3.5821
3.6735
3.3513
3.4231
3.6670
3.4609
2.7447
3.1471
2.9382
3.1593
2.9233
3.5866
3.1899
3.1678
3.6682
3.5430
3.3473
3.3193
3.3707
3.0372
3.2705
2.9326
3.5837
2.5575
3.4380
3.6824
3.5956
3.4861
3.5322
2.6192
2.8440
3.4761
3.0166
3.8065
3.1935
3.1734
2.7046
2.6832
3.0857
3.3467
3.1652
3.5317
2.7277
3.1251
2.7554
2.7241
3.6817
2.5879
1.7381
2.2839
1.5901
3.4239
2.7456
3.3343
3.2621
1.6622
1.6621
1.6973
2.5331
2.1918
1.6798
2.3078
2.5716
2.5478
1.9988
2.4982
2.1055
1.6334
2.3188
2.4896
1.4719
1.6902
1.7716
2.0080
2.1135
2.0055
2.8143
2.8729
2.9956
2.1377
2.9511
2.3876
2.9853
2.9329
2.7196
1.5248
1.5532
2.5568
1.7472
1.6618
2.6455
2.1756
2.7364
1.6787
2.8751
3.1286
1.9846
2.4131
3.1573
2.4712
2.2147
2.9634
2.8210
2.7018
2.8778
2.5460
3.1205
1.9117
2.2918
2.7749
2.1214
2.6962
2.6015
2.3736
2.0591
2.7792
2.7211
2.8490
2.9854
2.7396
2.9021
2.1262
2.5227
2.2874
2.9130
2.7118
2.8498
2.6816
2.0807
1.7308
2.3463
3.0987
2.6694
2.0741
3.0229
2.2560
2.7106
3.0406
2.4319
3.0531
2.7899
2.0600
2.8310
2.5961
2.2929
2.5522
2.5993
2.8301
2.9453
2.8965
2.9955
2.1998
2.1465
2.6205
2.2466
2.6294
2.9318
2.9565
3.1627
3.0827
2.7631
2.8320
2.9146
1.8623
2.2654
2.2836
2.9650
3.0258
3.1777
3.1321
3.1449
2.8436
2.9438
2.7467
3.2750
3.0495
3.4204
3.7236
3.1162
3.1536
3.6032
3.7224
2.2574
3.7380
3.8636
3.1316
3.2773
2.9326
3.5170
3.5996
3.6121
3.5632
3.1718
3.2318
3.8535
3.6847
3.7669
3.4588
3.5873
2.2189
3.8555
3.4609
2.8154
3.4855
4.4099
2.8594
3.7440
3.5160
3.3739
3.0642
3.2998
3.0992
3.6050
3.6076
3.2141
4.0780
3.7986
3.1464
3.2638
3.6142
3.2212
3.6690
3.6383
3.6623
3.7805
2.9983
3.2411
3.6810
3.5207
3.6272
3.1340
3.1278
3.6178
3.6186
3.2025
3.0082
3.5443
3.4572
3.4682
3.4344
3.2739
2.8963
3.1085
3.7468
3.6072
3.2844
3.2989
3.7630
3.5330
3.7409
3.4092
3.9839
2.9519
2.9955
3.5713
3.4593
3.4690
3.0262
3.2026
3.4357
2.8827
2.9027
3.9377
3.5399
3.8038
2.5194
2.8118
2.7178
2.4308
2.1628
3.2055
2.1322
3.4515
2.9199
3.4406
2.7718
2.8703
2.7081
2.5826
2.6354
2.4452
2.5894
2.5165
2.5132
2.8250
2.4161
2.1754
3.4675
2.6059
2.7289
2.2351
1.8530
3.3821
3.7485
3.7872
3.7906
3.7950
3.7460
3.8150
2.6797
3.1632
3.1323
3.0198
3.0394
3.0618
