2.5494
2.6805
2.6193
2.5456
2.7550
3.1925
3.3359
2.5717
3.1620
2.4953
2.8284
2.9961
2.8360
2.7049
2.5352
2.7116
2.6326
2.4982
3.0302
2.7815
2.7088
2.8254
2.5541
2.8132
2.7786
2.8408
2.7609
2.8457
2.7305
2.3512
2.7893
2.6336
1.9369
2.2998
2.5404
2.3597
2.2730
2.2196
2.2975
2.3085
2.2375
2.5533
2.7549
2.5991
2.4736
2.4746
2.4180
2.4020
2.2063
2.1647
2.2371
2.4801
2.4674
2.3010
2.6296
2.6381
2.9903
2.9685
2.5179
2.6692
2.7624
2.7951
2.6743
2.7469
2.7591
2.7509
2.7301
2.6656
2.7239
2.6521
2.8706
2.8486
2.3934
2.5547
2.7160
2.4212
2.7967
2.9062
2.8932
2.8098
2.5476
2.8408
2.9151
2.7531
2.7196
2.6500
2.6294
2.7599
2.6448
2.5640
2.8090
3.0456
3.1135
2.2367
2.9262
2.7733
2.7443
2.7647
2.7794
2.7957
2.5426
2.8965
2.8495
2.8369
2.6062
2.7334
2.6634
2.6598
2.4339
2.6912
2.7068
2.7835
2.9714
2.9877
2.9072
2.9599
2.7839
2.9709
2.8017
2.9956
3.0391
3.0000
2.7877
3.0748
3.0709
3.0440
2.9833
2.9231
2.9505
2.8746
3.0002
2.9682
2.9958
2.9621
2.9613
2.9234
3.0856
3.1548
2.7727
2.9016
2.8817
2.7792
2.9898
2.9489
2.9986
2.7806
2.9592
2.9639
3.0532
2.7473
3.0161
2.8158
2.9917
2.9219
2.3044
2.8820
2.9788
3.0255
2.9811
2.8854
2.1108
2.7758
2.8673
2.6808
2.8543
2.8246
2.8209
2.7525
2.9385
2.5556
2.6136
2.7821
3.0593
3.0565
3.0327
2.6255
2.9982
2.9132
2.8680
3.1198
3.1161
2.9301
2.7771
2.9439
2.7887
2.9566
3.0701
2.3502
3.0950
2.8792
2.8114
2.9053
2.7788
2.5353
2.9154
2.9778
2.8004
3.1002
3.1059
3.0774
2.8938
2.8305
2.7991
2.9994
2.7191
3.0540
2.9278
3.0123
2.8087
3.6202
2.8158
3.0486
2.6565
2.5677
2.6639
2.3546
2.3619
2.2906
3.0369
2.9377
2.7788
2.8061
2.9917
3.1081
3.0177
2.9461
2.8919
2.9848
2.8313
2.9198
2.4857
2.5277
2.3541
2.7957
2.9919
2.9051
2.9212
2.8810
2.5872
2.7298
2.5660
2.9603
2.6608
2.8853
2.8405
2.8962
2.4151
3.0247
3.0081
3.2942
2.7759
2.9189
3.3106
2.7742
2.7529
2.7510
2.7168
2.9116
2.9368
2.5138
2.5180
2.6404
2.9671
2.7035
2.7029
2.9226
2.9928
3.1047
3.0068
3.0043
2.9603
2.6057
2.5207
2.5046
2.6009
2.4471
2.6052
2.6102
2.5460
2.4454
3.0321
2.6078
2.5474
2.5182
2.6870
2.4730
2.5104
2.4722
2.5352
2.4062
2.2585
2.7130
2.7161
2.6494
2.5968
2.5720
2.3905
2.3873
2.3961
2.7338
2.6706
2.7767
2.7742
2.9608
2.7862
2.8970
2.5407
2.4646
2.8030
2.7148
2.7691
2.8653
2.7681
2.7801
3.3058
2.8099
2.3712
2.9956
3.0018
2.8083
3.1335
3.1390
3.1747
3.1696
3.0341
3.2418
3.0486
3.2999
2.7913
2.8338
3.0994
3.2049
2.8408
3.3274
3.0725
3.0672
3.0618
3.0614
2.9116
2.8156
2.7834
2.5804
2.5928
2.7510
2.6735
3.1079
2.5873
3.0555
3.2945
2.8690
2.7925
3.0676
3.1182
3.0301
2.7641
3.1217
3.2788
3.1966
3.2948
3.2969
3.2960
2.8560
3.2758
2.5907
2.9321
2.8666
3.0106
2.9704
2.9327
2.5178
3.0469
3.1472
2.7978
2.9330
3.0145
3.0577
2.7499
2.6987
2.9452
3.2260
2.7921
2.8419
2.6744
2.6715
2.7331
2.7506
2.3469
2.7201
2.7840
2.7949
2.0674
2.2817
2.4122
2.4931
2.3339
2.2013
2.3590
2.7932
2.8354
2.8451
2.2448
2.3097
2.5614
2.7515
2.7438
2.9038
2.5181
2.9077
2.6357
2.4154
2.5799
2.8716
2.5243
2.5346
2.7582
2.6044
2.8674
2.9741
2.9902
2.8463
2.6082
2.5453
2.5680
2.5985
2.5040
2.4192
2.1367
2.1608
2.3912
2.4491
2.4677
2.8383
2.7933
2.8009
2.8052
2.8466
2.6083
2.6275
2.6466
2.7397
3.0260
2.5710
3.0605
3.1263
2.7801
3.0350
3.1698
2.6389
2.4216
2.5132
2.3304
2.7030
2.7956
2.7667
2.9155
2.5489
2.5777
2.5835
3.0444
2.3199
2.8126
2.4978
3.0705
2.6244
2.6339
2.9210
3.0527
2.8899
2.9192
2.8831
2.9851
2.7845
2.4771
2.6585
2.8756
2.2460
2.5488
2.7784
2.7042
2.7869
2.9014
2.7446
2.9989
3.0490
2.9487
2.9159
3.0444
2.9675
2.8623
2.7773
3.0067
2.7242
2.6349
3.0023
2.7048
2.9004
2.9845
2.7733
3.0151
3.0600
3.1089
2.9250
2.2956
2.3955
2.8808
2.4981
2.5790
2.5880
2.6589
2.6857
2.8451
2.7716
2.7198
2.8560
2.8083
2.8298
2.8051
2.7807
3.0203
2.8562
2.6872
3.1184
2.7678
2.6213
2.8090
2.5502
2.4298
2.3513
2.7327
2.6797
2.6745
2.7143
2.8446
2.8063
2.8188
2.9962
3.0447
2.9755
2.8162
2.8688
2.8161
2.8600
2.9327
2.8920
2.6752
2.5974
2.7745
2.8870
3.0748
2.9105
2.8519
2.8665
2.9853
2.8476
3.1260
2.9296
3.1572
2.7202
3.1318
2.3029
2.5122
2.3516
2.4028
2.3814
2.4750
2.4088
2.5215
2.6302
2.4914
2.6857
2.6475
2.5215
2.6762
2.7095
2.5264
2.4621
2.7021
2.9864
2.2860
2.2804
2.3160
2.7582
2.6373
2.6853
2.5885
2.6241
2.6569
2.5728
2.8247
2.8088
2.7029
2.4308
2.8782
2.8064
2.7352
2.8412
2.8714
2.6455
2.8032
2.8967
3.0467
3.0993
2.7285
2.7940
2.8412
2.9791
2.7466
2.9860
3.1294
3.2836
2.7222
2.7251
2.5127
2.8811
2.7796
2.9876
2.7840
3.1150
3.1939
3.0755
2.8379
2.8495
2.8584
2.8169
2.8129
3.1104
2.7762
3.1918
2.8658
2.2989
2.6274
2.6340
2.7219
2.9697
2.9773
2.8445
2.8046
2.5996
2.9205
2.9794
3.0453
2.9349
3.0638
3.0778
2.7621
3.1069
2.7995
3.0446
3.1029
2.9253
2.6036
2.9267
3.0379
3.2336
2.1461
2.5556
2.5208
2.6585
2.7588
2.7714
2.5888
2.6549
2.6746
2.8028
2.6893
2.7380
2.8499
2.7997
2.9651
2.9223
2.7717
2.9553
2.9865
2.7230
3.0394
3.0097
3.0304
2.9498
3.1104
2.9028
3.0104
2.5613
2.8927
2.9287
2.6162
2.7115
3.1072
2.8673
2.7966
2.5839
2.4271
2.7361
2.6066
2.6541
2.6627
3.1509
2.6788
3.0122
2.8852
2.6266
2.2838
2.2583
2.2317
2.6287
2.7201
2.8193
2.8444
3.0652
2.9858
2.9663
2.8809
2.9135
2.8961
2.8309
2.8074
3.0776
2.7801
2.8224
2.3331
2.5402
2.6871
2.8622
2.5753
2.4678
2.6677
2.7452
3.1327
3.1251
3.1202
2.6862
2.9149
2.8610
2.8525
2.5148
2.7373
2.8076
2.9501
2.9730
2.7818
2.6445
2.6734
2.6258
2.8286
2.5009
2.7719
2.5264
1.9897
2.3634
2.9322
2.2666
2.6384
2.7076
2.7045
2.7494
2.7897
2.5368
2.7846
2.9289
2.8481
2.9017
2.9502
2.6638
2.8751
3.0349
3.0225
3.0309
2.9644
2.9863
3.0193
2.4985
2.9881
2.6257
3.1603
2.8372
2.8058
2.7993
2.9499
3.0701
2.8241
3.0477
2.8183
2.6659
2.9850
2.7625
3.1450
2.8566
2.6002
2.5656
2.3741
2.5832
2.3987
2.2089
2.2239
2.5426
2.7042
2.6800
2.7202
2.7310
2.7278
2.2346
2.6183
2.4872
2.2253
2.6401
2.6917
2.7953
2.8607
2.8330
2.8655
2.7530
2.8344
2.8253
2.5811
2.4309
2.6401
2.7051
2.7871
2.7820
2.8046
2.5085
2.7460
2.7745
2.6667
2.5378
2.5582
2.3348
2.4966
2.8751
2.8642
2.8500
2.8115
2.8625
2.7178
2.8442
2.8506
2.8533
2.7228
2.7836
2.6611
2.7990
2.4588
2.5965
2.8621
2.7196
2.8608
2.6994
2.8530
2.8794
2.8551
2.8534
2.7823
2.8890
2.7908
2.6832
2.8349
2.3021
2.5461
2.4314
2.4387
2.3728
2.4150
2.5949
2.6435
2.6115
2.6365
2.0021
2.5983
2.4418
2.2502
2.6034
2.6548
2.8296
2.6998
2.7172
3.1282
3.1005
2.8316
2.6258
2.7840
2.7986
3.0592
3.1928
3.1647
3.1585
3.1923
3.0709
3.1496
2.8870
3.1204
3.2023
3.0859
3.2404
2.9482
2.7627
2.8030
2.8170
2.8475
2.8557
2.8133
2.7973
2.4529
2.7378
2.8508
2.7749
2.8362
2.8242
2.8305
2.7345
2.8386
2.7607
2.6546
3.0781
2.9154
2.6529
2.7890
3.1193
2.4833
2.9868
2.6678
2.8768
3.1314
3.1425
3.0529
2.9061
2.4290
2.6017
2.4934
2.3710
2.8438
2.8634
2.7292
2.3739
2.7826
2.6621
2.8134
2.5594
2.6572
2.4138
2.8797
2.2862
2.7354
2.6881
3.1202
2.9579
2.7780
2.9197
3.0110
2.8306
2.4273
2.6618
2.5737
2.6996
2.2434
2.9320
2.8962
3.0670
3.0527
2.7698
2.6552
2.9121
3.1236
2.9538
2.7005
2.6681
2.5646
2.5753
2.6171
3.0216
2.4572
2.7889
2.7481
3.0154
3.0855
3.0541
3.4973
3.1574
2.9238
3.0359
3.2196
2.8079
2.9699
3.0896
3.0208
3.1275
3.1394
3.1507
3.1559
2.5617
3.0256
2.6324
3.0100
2.4966
2.6436
2.6945
2.6687
2.6356
2.7288
2.7373
2.6931
2.7375
2.4371
2.7340
2.7095
2.6128
2.5903
2.3151
2.7298
2.7092
2.6991
2.6283
2.6625
2.7166
2.6489
2.5410
2.8208
2.7147
2.6917
2.7484
2.7564
2.7233
2.7484
2.7451
2.7560
2.7816
2.7451
2.7780
2.4841
2.7669
2.5122
2.7963
2.8452
2.4355
2.2101
2.4487
2.6242
2.6856
2.7099
2.7234
2.7099
2.6719
2.7023
2.6797
2.6504
2.7272
2.7953
2.7369
2.7105
2.7808
2.6973
2.4108
2.4481
2.7640
2.7589
2.6327
2.5513
2.7816
2.7519
2.7834
2.8000
2.7923
2.7990
2.7749
2.7855
2.8004
2.8020
2.7458
2.7315
2.7790
2.7805
2.7754
2.7066
2.6992
2.8321
2.5329
2.7992
2.6848
2.8255
2.4615
2.3163
2.6242
2.6096
2.5744
2.6745
2.7076
2.5640
2.6386
2.6699
2.6848
2.7016
2.6984
2.6854
2.5692
2.6735
2.7523
2.6759
2.8029
2.0937
2.6884
2.6401
2.6641
2.7663
2.7476
2.7742
2.7296
2.6870
2.7965
2.7936
2.7207
2.7234
2.7103
2.6663
2.4083
2.3571
2.5881
2.7798
2.6976
2.7803
2.5699
2.6227
2.6313
2.6124
2.6901
2.7140
2.6599
2.7912
2.7421
2.7456
2.7420
2.7516
2.8094
2.7032
2.7890
2.7776
2.7006
2.7967
2.4527
2.5554
2.6053
2.6476
2.6834
2.7261
2.6646
2.6942
2.6930
2.7260
2.6801
2.6979
2.7077
2.6632
2.7331
2.4503
2.7104
2.7468
2.4484
2.7000
2.6707
2.6292
2.3559
2.5996
2.6408
2.7619
2.8369
2.8462
2.9744
2.8602
3.0418
2.9682
3.0044
3.1116
3.0289
3.1016
3.0706
3.1208
3.1006
2.7761
2.8784
2.8600
3.1162
3.0684
3.0367
2.7412
2.9939
2.8232
2.9028
3.1263
2.9787
3.2268
2.8657
2.9541
2.8886
3.0240
3.1918
2.7149
2.8914
3.0218
2.9940
2.5207
3.1570
2.4568
2.7015
2.6442
2.5784
2.7683
2.8752
2.8665
2.8561
2.8902
2.8822
2.8614
2.6880
2.8206
2.8181
2.8370
2.5172
2.8995
2.8759
2.4440
2.5577
2.8651
2.9042
2.8547
2.7550
2.7251
2.8040
2.7877
2.3887
2.4248
2.6532
2.8258
2.7403
2.7760
2.7063
2.6281
2.9224
2.7468
3.0520
2.9809
2.8590
2.7850
2.8291
2.8157
3.1284
2.5561
2.9123
2.9319
2.7348
2.6246
2.6382
2.1255
2.8240
2.9635
2.6853
2.5078
2.6462
2.8273
2.7278
3.0611
3.1091
2.7141
2.3028
2.9098
2.9131
2.6871
2.9243
2.7367
3.0554
3.0799
3.0507
3.0066
3.1225
2.9290
3.0819
3.0872
2.8314
2.6914
2.3626
2.9321
3.1837
2.9221
2.8441
2.6171
2.7149
2.8537
2.8855
2.8876
2.8592
2.8522
2.7310
2.8408
2.8222
2.6300
2.3910
2.8102
2.8809
2.6669
2.8443
2.8247
2.6808
2.6611
2.8421
2.8592
2.7892
2.8361
2.8225
2.7403
2.2561
2.2678
2.4070
2.7215
2.5812
2.7122
2.8223
2.7453
2.8413
2.8455
2.8395
2.8501
2.6820
2.8323
2.5714
2.6160
2.8677
2.8215
2.7877
2.7985
2.8876
2.8915
2.8928
2.8297
2.8878
2.8194
2.8967
2.8781
2.8791
2.3764
2.4572
2.6389
2.7361
2.6341
2.6364
2.7598
2.4783
2.6567
2.8177
2.4146
2.6741
3.0586
2.9636
2.3988
2.8347
2.5648
2.9114
3.1189
2.9567
2.8853
3.0510
3.0030
2.7360
2.8344
3.0624
2.7164
2.8724
2.7872
2.9811
2.9824
3.0816
3.0414
3.0371
2.9203
2.6779
2.5892
2.4562
2.8735
3.1401
2.7617
2.8755
2.8220
2.9505
2.9152
2.8916
2.8343
2.7871
2.9197
2.8537
2.3741
2.6621
2.6453
3.0528
3.0394
2.8299
3.1465
2.8623
3.1280
2.8410
2.6845
2.5995
3.1559
2.5557
2.7566
2.6775
2.6346
2.3460
2.8111
2.3960
2.6238
2.5087
2.6093
2.7836
2.3721
2.6415
3.0198
2.5087
2.9951
3.0544
2.9110
2.9965
2.9504
3.0397
3.0906
3.1102
3.0463
3.0231
2.3606
2.6635
3.1101
3.1051
2.9144
2.5124
2.2329
2.8744
2.7366
2.5057
2.7898
2.7455
2.9855
2.8517
2.8103
2.8260
2.8155
2.9862
2.7313
2.4799
2.6102
2.6502
2.6489
3.0248
2.6699
2.7517
2.5332
2.5374
2.5910
2.4962
2.8610
3.0800
2.9625
2.8115
2.8934
2.9187
2.6810
2.9363
2.8983
3.0455
3.1083
3.1643
1.8688
3.0477
2.8984
2.9883
2.7971
2.7698
2.8054
2.4076
2.7845
2.8434
2.9187
2.7530
2.9623
2.9581
2.9865
2.6185
2.9513
2.9800
2.9738
2.9072
2.5001
2.9176
2.9818
2.9794
2.3563
2.7969
2.8970
2.8430
2.8601
2.8521
2.8553
2.5927
2.7760
2.2837
2.7228
2.8328
2.6978
2.8244
2.8155
2.4791
2.9379
2.9093
2.6476
2.7151
2.9365
2.8986
2.9594
2.8953
2.9336
2.5844
2.9490
2.7401
2.6682
2.8518
2.9760
2.7401
2.5351
2.9177
2.9220
2.9349
2.9291
2.9155
2.8826
2.3090
2.8090
2.8490
2.6200
3.0351
2.8804
2.8949
2.8738
2.7975
2.8739
2.8066
2.3016
2.8449
2.9590
2.9035
2.9204
2.9613
2.4561
2.8977
2.9169
2.9868
2.8357
2.8521
2.6867
2.9675
2.9513
2.5444
2.8477
2.8162
2.8212
2.8775
2.9000
2.5724
2.6218
2.9889
2.9888
2.6822
2.9973
2.9879
2.9892
2.9756
3.0023
3.0159
2.8956
2.8849
2.8709
2.9283
2.9710
2.6764
2.7345
3.1895
3.0139
2.7335
2.7162
2.7130
2.6719
2.6984
2.6232
2.7024
2.8714
2.8910
2.9304
2.7967
2.6551
2.8632
3.0120
2.3570
2.6642
2.9871
3.0145
2.9244
2.7833
2.4112
2.8926
2.7667
2.9051
2.9140
2.9194
3.0499
3.0287
3.0155
2.9504
2.9639
3.0200
2.9448
2.9125
2.6685
2.6719
3.1171
3.1098
2.5340
2.5213
2.7025
2.6332
2.6540
2.7104
2.5946
2.6784
2.8540
2.6756
2.6746
2.5107
2.4989
2.5701
2.9332
2.7919
2.9310
2.8734
2.8027
2.9628
2.7455
2.9931
3.0354
3.0204
3.0700
3.0335
3.0456
2.5609
2.7735
3.0510
2.3890
2.8721
2.7568
2.8115
2.9192
2.9452
2.9900
2.8761
2.8122
2.9818
2.9572
3.0318
3.0344
3.0077
2.8826
3.0259
2.7618
2.8112
2.8082
2.9338
2.5551
2.6117
2.4707
2.6707
2.7259
2.7113
2.9464
2.6900
2.4407
2.6109
2.5355
2.7670
2.3288
2.6876
3.0710
3.1214
2.4055
3.1047
2.9226
3.0913
2.5532
3.2403
3.2286
2.4639
2.4480
2.5320
2.5542
2.5325
2.4708
2.6191
2.5000
2.5672
2.5432
2.5995
2.3011
2.2971
2.6393
2.5066
2.7349
2.1932
2.6144
2.8281
2.1578
2.3000
2.5678
2.5032
2.5918
2.6816
2.5650
2.5808
2.6136
2.6703
2.5222
2.4333
2.6233
2.6239
2.8601
2.6959
2.6919
2.7014
2.5830
2.6617
2.6161
2.6144
2.9537
2.3021
2.8887
2.8833
2.8212
2.5300
2.6988
3.1455
3.0134
2.2759
2.3565
2.3597
2.5151
2.7122
2.5751
2.6207
2.9680
2.7151
2.8031
2.2928
2.3055
2.6555
2.6499
2.3321
2.3453
2.3698
2.4101
2.8490
2.1472
2.5185
2.3686
2.2484
2.3914
2.4984
2.6583
2.6693
2.6915
2.6431
2.1983
2.6667
2.1763
2.7502
2.9089
2.3619
2.6932
2.7260
2.3783
2.6385
2.6719
2.6154
2.7451
2.5954
2.7674
2.5248
2.5581
2.8450
2.7330
2.7993
2.6861
2.9975
2.6981
2.5962
2.4537
2.6825
2.7465
2.7612
2.7518
2.7216
2.7486
2.7407
2.6964
2.7122
2.7175
2.6623
2.3266
2.8104
2.7876
2.3290
2.7146
2.6937
2.7243
2.8043
2.7706
2.7937
2.8172
2.8023
2.7979
2.7953
2.7466
2.7871
2.3803
2.7797
2.7106
2.4820
2.6670
2.6080
2.7084
2.6731
2.7552
2.7737
2.7614
2.8093
2.7952
2.8266
2.7813
2.6904
2.7752
2.4207
2.4447
2.6393
2.5841
2.5867
2.5273
2.5598
2.5477
2.7237
2.5675
2.4033
2.5180
2.6728
2.7140
2.7824
2.5394
2.6565
2.2971
2.0708
2.2571
2.5652
2.6597
2.8209
2.6642
2.7466
2.7850
2.8383
2.3943
2.5374
2.5165
2.7813
2.6797
2.3821
2.3011
2.5652
2.6116
2.7333
2.7201
2.5612
2.6190
2.7944
2.6923
2.5595
2.6603
2.7897
2.4895
2.4475
2.5848
2.8789
1.9063
1.8469
2.0469
2.6329
2.5039
2.3828
2.7420
2.7652
2.7256
2.6673
2.6874
2.7637
2.7169
2.8305
2.8879
2.4351
2.7548
2.4110
2.4698
2.8601
2.5154
2.2072
2.6274
2.7482
2.5493
2.7567
2.7410
2.7168
2.7084
2.5111
2.7908
2.7717
2.7943
2.7808
2.4987
2.5384
2.7956
2.8425
2.7768
2.4885
2.7596
2.8028
2.8989
2.8707
2.8242
2.3316
2.8333
2.6384
2.8197
3.0239
2.9479
2.3626
2.9312
2.9692
2.6223
2.2251
2.8504
2.8061
2.7625
2.9799
2.9556
2.6426
2.3586
2.8281
2.9678
3.0432
3.0081
2.7422
3.1476
2.6089
2.6434
2.4172
2.6080
2.8543
3.1228
2.4847
2.4198
2.6777
2.4612
2.7864
2.9798
2.5982
2.7755
2.7779
2.4367
2.9660
3.1360
2.4974
2.6203
2.7482
2.6943
2.8299
2.3984
2.4871
2.3777
2.8825
2.5423
3.0955
3.1445
2.9138
2.7586
3.1038
3.1300
3.0783
2.3767
2.7053
3.1096
2.6290
2.5611
2.7197
2.7360
2.9877
2.9670
2.5428
2.5930
2.4197
2.7444
2.6454
2.5340
2.7199
2.9129
2.8663
2.4978
2.8271
2.7236
2.9539
3.0355
2.8540
3.0461
2.8904
3.1476
2.8938
2.8716
3.1083
3.1521
2.4782
2.9471
2.7004
2.6806
2.7639
2.6974
2.8103
2.8110
2.7572
2.7490
2.3367
2.8076
2.7201
2.8514
2.7793
2.8071
3.0410
2.3661
2.1933
2.5118
2.9383
2.4417
2.4418
2.8917
2.8986
2.9011
2.8149
2.6667
2.6753
2.7890
2.7843
2.2258
2.8302
3.0666
3.0190
3.3262
3.1793
2.9432
2.3141
2.5704
2.8121
2.7507
2.3415
2.7462
3.0203
3.0443
3.0499
2.5727
2.8609
2.7051
2.7824
3.1160
2.4943
2.4454
2.2836
2.1808
2.3163
2.7304
2.4383
2.3902
2.3687
2.3042
2.2230
2.8082
2.8099
2.8627
2.7091
2.6925
2.9091
2.9687
3.1507
2.9713
2.7313
2.2300
1.8757
2.4864
2.6408
2.5605
2.5964
3.2113
2.6685
2.6341
2.5420
3.0866
2.7665
2.7741
2.4012
2.4009
2.6534
2.1783
2.4005
2.7227
2.5372
2.6202
2.6647
2.3794
2.6428
2.7878
2.5686
2.6882
2.9332
2.7509
2.8758
2.6755
2.9553
2.9626
2.4187
2.7046
2.6096
2.8536
2.9419
2.9168
2.8310
2.8625
2.7922
2.9486
2.8776
2.5129
2.4456
2.6244
2.7015
2.7663
2.8748
2.9752
2.8949
3.0217
2.5403
3.0044
2.6292
2.6534
2.6686
2.5815
2.6787
2.9974
2.6088
2.8006
2.7010
2.6778
2.7862
2.4477
3.1240
2.9308
3.0270
2.8490
2.8840
2.8947
2.6966
2.9932
2.8601
2.8656
2.8525
3.0392
3.0278
2.9175
3.1157
2.6942
2.7427
2.9154
2.5038
2.8897
3.0521
2.4872
2.8046
2.9399
2.8866
2.7826
2.8506
2.5803
3.1011
3.0759
2.6950
3.0408
2.6991
3.0492
3.0805
2.9939
2.8399
2.5517
3.0538
2.8728
3.0133
2.7767
2.8646
3.0778
3.1181
2.9409
2.9456
3.1655
2.8234
2.2169
2.5433
3.1137
3.0531
2.5461
2.9789
2.9566
2.5309
3.0513
2.8639
2.7993
3.0646
3.2297
3.0280
3.0260
3.1460
2.8638
2.7238
2.1883
3.0332
2.9364
3.0508
3.0257
2.7958
3.1768
2.7948
3.0529
3.0478
3.0547
2.7660
2.8977
2.8130
2.8542
3.2013
3.0597
2.8496
2.3945
3.0501
3.2256
3.2905
3.0153
1.3266
2.6662
1.4308
2.2930
2.7191
2.6964
2.5644
2.6915
2.7414
2.8140
2.7735
2.6750
2.6715
2.5265
2.0478
2.6823
2.2262
2.4749
2.7394
2.7265
2.7248
2.6026
2.6516
2.6002
2.7277
2.7156
2.8428
1.5691
2.8870
2.8363
2.4161
2.5577
2.0906
2.7203
2.8569
2.8030
2.3638
2.1090
2.5199
2.8734
2.7980
2.8557
2.8645
1.9265
2.9180
2.5032
2.9235
2.7938
2.9465
1.9223
2.1505
2.8956
2.8828
2.8922
2.7876
2.4789
2.1652
2.6487
2.7840
2.8914
2.7003
2.8276
1.8260
2.8542
2.6799
2.1746
2.5044
2.7809
2.2803
1.9609
2.2583
2.0738
2.4385
2.6672
2.6429
2.2050
2.6109
2.6803
2.8199
2.8708
2.1892
2.7399
2.6310
1.3275
2.7051
2.6371
2.6749
2.9202
2.7243
2.7133
2.3622
2.6270
2.8252
2.6469
2.7339
2.5132
2.5288
2.3863
2.7135
2.5425
2.6204
2.8745
2.7887
1.3701
2.8482
2.6857
1.9325
2.6664
2.6905
2.9141
2.9654
2.9594
2.7409
2.3952
2.1455
2.7408
2.3499
2.9566
2.8266
2.9680
2.9423
2.9460
2.9659
2.8434
2.7131
2.9608
2.8687
2.7017
2.7213
2.8697
2.2948
2.9450
2.9618
2.7256
2.2776
2.5370
2.9122
1.9938
2.7185
2.4366
2.8867
2.7354
2.8306
2.8120
2.8041
2.7367
2.8398
2.7333
2.7784
2.5712
2.8465
2.5643
1.8754
2.8858
3.0068
1.1204
1.3043
2.2425
1.5315
1.8017
2.2951
2.9801
1.9224
2.0516
2.8953
2.5626
2.5834
2.0375
1.9203
2.5147
2.2111
3.0549
2.5574
2.8106
2.7169
2.8881
3.1095
2.8256
2.9201
3.0602
2.4171
2.6914
2.9012
2.8722
2.4402
2.7934
3.0273
2.7048
2.8201
2.7190
2.9427
2.6780
2.8209
2.7023
2.6546
2.2115
2.7902
2.8191
2.9806
2.7850
3.0566
2.7129
2.6011
2.8270
2.8854
1.7493
2.6341
2.9665
3.0544
2.5729
2.6925
2.5608
2.2551
2.8272
2.9150
2.7512
3.1184
2.8874
2.7650
2.9037
3.0249
2.2665
2.7662
2.4516
2.1380
2.3750
2.8753
2.4758
2.9260
2.3772
2.8946
2.5913
3.0827
3.0589
3.1338
2.4562
2.5474
2.3615
3.1386
2.8951
2.3253
2.6416
2.6540
2.7897
2.7001
2.7800
2.5062
2.9117
2.9134
2.6567
2.8937
2.9000
2.6369
2.7499
2.3726
2.6133
2.8946
2.9015
2.0386
2.8445
2.6700
2.8851
2.8044
2.0488
2.8209
2.0770
2.5754
2.5041
2.6383
2.7556
2.7930
2.7193
2.4255
2.7517
2.4716
2.5094
2.8197
2.5686
2.7274
2.0436
2.7262
2.3482
2.5353
1.9745
2.6745
2.8310
2.7834
2.7730
2.6800
2.7308
2.3189
2.1776
2.7549
2.7934
2.7961
1.6870
2.7801
1.9568
2.7262
2.5655
2.3907
2.2498
2.7431
2.7965
2.3453
2.6516
2.6669
2.4166
2.4192
2.7323
2.7655
2.4075
2.7919
2.7893
2.4878
2.7414
2.9094
2.7952
2.3820
2.2497
2.7786
2.4286
2.3422
2.3228
2.6230
2.8165
2.7864
2.8767
2.1907
2.7702
1.8820
2.3818
2.7010
2.0735
2.7875
2.8816
2.7911
2.5716
2.3335
2.2259
2.6696
1.5863
2.4931
2.3524
2.3392
2.7028
2.5726
2.6223
2.3498
2.7365
2.3031
2.1691
2.8673
2.5617
2.8110
2.4236
2.7030
2.8284
2.8282
2.8477
2.8136
2.8197
2.5514
2.6913
2.3910
2.7986
2.5693
2.7170
2.8415
2.7798
2.8532
1.9105
2.6430
2.2701
2.7774
2.6701
2.9322
2.8586
2.9348
2.7981
2.9383
2.8417
2.9348
2.9332
1.8759
2.4731
2.4344
2.7380
2.7569
2.6399
2.9355
2.3830
2.8482
2.9404
2.9403
2.4267
1.7165
2.8544
2.9385
2.8523
2.3402
1.8446
2.1978
2.9153
2.8075
2.7019
2.8326
2.1596
2.6806
2.9308
2.2379
2.8963
2.7508
2.9528
2.6577
2.4448
2.5024
2.7693
2.7589
3.0322
3.0377
2.8769
2.8971
2.8871
2.9923
2.9665
1.5619
2.9634
2.9360
2.9402
2.6991
2.9587
2.8539
2.8107
2.5326
2.3227
2.4188
2.6861
2.2211
2.6241
2.4441
2.6768
2.6189
2.6503
2.1258
2.7020
2.6892
2.6209
2.5578
2.6633
2.7257
2.7254
2.4580
2.7749
2.7168
1.4223
2.0963
1.8592
2.2554
2.6220
2.6880
2.3623
2.3198
2.7054
2.6208
2.4572
2.7847
1.3523
2.6208
2.7472
2.8267
2.3662
2.3180
2.4633
2.4396
2.6891
2.8161
2.4677
2.5662
2.6149
2.0742
2.6048
2.1931
2.5375
2.2646
2.5182
2.6750
1.4102
2.7161
2.6113
2.7017
2.7163
2.5002
2.7336
2.1388
1.8193
2.4778
2.7830
2.7927
1.9474
2.7175
2.7476
2.7249
2.5361
2.8179
2.8276
2.6622
2.8222
2.6383
2.3813
2.1952
2.6295
1.9227
2.8607
2.5535
2.7355
2.3153
2.5449
2.8278
2.7800
2.7023
2.4051
2.6287
2.7945
2.6695
2.8730
2.8739
2.2881
2.8578
2.7109
2.7686
2.2137
2.6871
2.5098
2.6133
2.1893
2.5805
2.6833
2.8750
2.3571
2.0434
2.6789
2.5853
2.6729
2.3842
2.8765
2.8662
2.8653
1.9673
2.4717
2.7288
2.8832
2.1852
2.7656
2.8201
2.0838
2.4293
2.8672
1.9086
2.6976
2.2701
2.7621
2.4414
2.7793
2.8844
2.8885
2.1640
2.7871
2.8710
2.4892
2.5888
2.7183
2.8717
2.8634
2.5459
2.7679
2.8141
2.0373
2.7275
2.4532
2.3474
2.3303
2.7051
2.5327
2.7111
2.3646
2.0199
2.4628
2.8786
2.2707
2.5154
2.6182
2.2434
2.5012
2.3204
2.5419
2.1948
2.3657
2.2578
2.6318
2.4928
2.3505
2.5513
2.7816
2.8765
2.5539
2.7764
2.5243
2.6572
2.3785
3.1698
2.2009
3.1784
3.2109
3.0242
3.3205
2.9286
2.8912
2.8195
3.0834
3.3575
3.1140
3.1115
3.0497
2.8167
2.9961
2.8733
2.8937
3.1051
3.3706
3.0910
3.1432
2.9876
2.7189
3.3137
2.8319
3.0957
2.7889
2.9730
3.0035
3.1076
3.1186
2.9771
2.7873
2.8212
2.8849
2.8642
2.8326
2.7826
3.0071
2.9450
2.9718
2.8024
2.8032
3.0584
2.7816
3.0112
2.7678
2.5894
2.8210
3.0550
2.9080
2.9885
2.7845
2.7819
2.5829
2.3766
2.3171
2.7457
2.8851
2.9781
2.0104
2.7523
2.7171
2.9835
2.9724
2.9864
2.7380
2.5049
2.8986
2.8972
3.0384
2.6457
2.2481
2.5450
2.6565
2.7134
2.6577
2.8108
2.8668
2.7065
2.5945
2.4118
2.6661
2.8077
2.5237
2.6808
2.7639
2.7242
2.9978
2.8987
3.0000
2.8511
3.0274
2.8519
2.8303
3.0591
3.0106
3.0101
3.0520
3.0493
3.0552
3.0106
2.6955
2.6663
1.8413
2.4830
3.1965
2.4010
2.4535
2.5605
3.0882
3.1543
2.9973
2.9308
2.8325
2.0748
2.0182
3.5324
2.5011
3.2725
2.7256
3.3001
3.2650
2.0999
2.4750
2.1908
2.6501
3.0709
3.1082
3.0175
2.7893
3.1148
3.0342
2.8632
2.1771
2.9047
2.5350
2.8318
2.7652
2.4735
2.8065
2.4504
2.8522
2.4961
2.6794
3.0174
2.8767
2.7691
1.5579
2.7539
3.1247
3.0563
2.6590
2.7213
2.6635
3.1314
2.7804
1.7294
2.0770
2.3273
2.7067
2.2090
2.6364
2.2455
2.5759
2.7304
2.2851
2.8234
2.7535
2.8335
2.3971
3.0099
2.7192
2.6718
2.7604
3.0044
2.9568
3.1006
2.8136
3.2938
3.1471
3.1136
2.8343
3.1935
2.6031
2.9599
2.9586
2.9298
2.7221
3.0082
2.9242
2.5058
2.8376
2.8717
2.9965
3.0694
3.0768
3.0402
3.0801
2.8420
3.0341
3.0628
3.0446
2.8922
3.0160
3.0797
3.0231
3.0659
3.0226
3.0540
3.0724
2.9520
2.6995
2.6531
2.7669
2.3852
2.8496
2.9801
2.8991
2.8216
2.7013
2.8364
2.9062
2.8897
2.7018
2.9947
3.0316
2.9868
2.9985
2.9543
2.7524
2.7599
2.9741
2.9810
2.8338
2.5144
2.8666
3.0075
2.9366
3.0133
2.8169
2.6832
2.5573
2.9431
2.9912
3.0600
3.0717
2.7910
2.4488
2.2543
2.6394
2.5131
2.6186
2.6952
2.7060
2.4951
2.6888
2.4604
2.8658
2.6090
2.7104
2.7827
2.8672
2.8253
2.7792
2.8481
2.6693
2.6904
2.8436
2.6670
2.6588
2.7268
2.4744
2.7854
2.7442
2.9946
2.8466
2.5268
2.9836
2.9151
2.6747
2.5616
2.8260
2.7891
2.6877
2.8258
2.9841
2.8833
2.8321
2.8082
2.4979
2.5297
2.9616
2.9960
2.7576
3.0438
3.0374
3.0450
2.5542
2.8627
2.9944
2.7198
2.9523
2.5067
3.0257
3.0393
2.7909
3.0457
2.9814
2.6999
2.8956
3.0614
3.0303
2.7031
2.7327
2.7683
3.0637
2.9982
3.0597
3.0560
2.7739
2.9549
2.7190
2.6855
2.9299
3.0254
2.9050
3.0561
3.0151
2.7934
3.0947
3.0878
2.4627
2.8222
2.7760
3.0893
2.4059
2.2059
2.5685
2.7210
3.1121
3.0081
2.8241
2.7636
2.2188
2.8121
2.7435
2.7725
2.3758
2.8374
2.2823
2.7936
2.8669
2.6444
2.5285
2.8769
2.5324
2.9390
2.8956
2.8138
2.9344
2.1020
2.8878
2.8984
3.0799
3.0529
2.4862
2.8394
2.4522
2.6348
2.3683
2.8120
2.7899
2.7033
2.7581
2.8297
2.4662
2.9659
2.9600
2.4730
1.6009
2.4680
2.9287
2.7415
2.9629
2.9638
3.0408
2.7191
2.9500
3.1163
2.5877
2.2054
2.3446
2.5001
2.5685
2.8552
2.7628
2.7743
2.8906
2.8820
2.8562
2.7820
3.0526
2.8830
2.8315
2.6882
2.8317
2.7274
2.7249
2.3925
2.5388
2.8748
2.6200
2.3314
2.6014
2.6489
3.0472
2.9100
2.4590
2.8391
2.8891
2.2676
3.0483
2.6681
3.0343
2.9882
2.3840
2.9173
3.0198
2.8258
2.9574
2.4841
2.7989
2.9148
2.7603
2.8363
3.0370
3.0250
2.8407
2.7672
2.8894
3.0243
3.0480
3.1205
3.0607
2.8729
2.6131
2.6355
3.0383
3.1286
3.0009
3.0568
1.9357
2.8982
2.8791
2.7934
2.4970
2.8348
2.7593
2.5442
2.8003
2.8267
2.5022
3.1149
2.9093
2.9400
2.6272
3.0272
2.6699
2.9479
2.9967
2.4896
2.4839
2.9600
2.8109
2.7327
2.3573
2.5663
2.9116
2.7883
2.5024
2.5280
2.6235
2.9995
2.7045
3.0219
3.0643
3.0487
2.6694
2.7738
2.7741
3.1041
2.9294
2.7039
3.0540
3.1990
1.9940
2.6659
3.0016
2.8760
2.9413
2.7902
3.1925
3.0305
3.0708
3.0715
2.8232
3.1377
2.9357
2.2722
3.1918
2.4703
2.6840
3.1108
3.1284
3.1141
2.8419
3.1916
2.8409
2.7531
2.4678
2.5324
2.3284
2.4555
2.4931
2.5613
2.5754
2.5561
2.4493
2.5460
2.5349
2.4363
2.3555
2.5876
2.1951
2.4890
2.4495
2.3880
2.3920
2.5256
2.4201
2.2415
2.4587
2.5480
2.4484
2.3480
2.4789
2.4558
2.5037
2.4910
2.5014
2.5413
1.7032
2.4403
2.4901
2.5249
2.4225
2.6002
2.4755
2.5251
2.4868
2.4461
2.5077
2.3581
2.3923
2.5787
2.1323
2.2634
2.5915
2.6775
2.3606
2.6810
2.3273
2.5101
2.6659
2.4273
2.6457
2.5130
2.4288
2.3303
2.6369
2.5896
2.6700
2.6387
2.6088
2.6438
2.6581
2.6491
2.5637
2.6476
2.6455
2.6517
1.6283
2.5177
2.5405
2.3449
2.3959
2.4405
2.3812
2.4854
2.5000
2.5110
2.5032
2.5393
2.5224
2.5287
2.4843
2.3702
2.3383
2.4897
2.3189
2.5680
2.5631
2.5688
2.5615
2.4572
2.4418
2.3932
2.4770
2.4712
2.2776
2.4279
2.4884
2.2051
2.3158
1.9206
2.4942
2.3179
2.2909
2.1562
2.3459
2.3524
2.2223
2.4202
2.4701
2.4772
2.4136
2.4584
2.4407
1.8854
2.4582
2.3957
2.1719
2.2231
2.5271
1.7922
2.4401
2.0632
1.6391
2.6245
2.3192
2.5180
2.3829
2.4542
2.3004
2.5864
2.5001
2.4806
2.4412
2.5022
2.5531
2.5427
2.4725
2.4739
2.4905
2.4405
2.2380
2.4750
2.4676
2.4903
2.3016
2.5222
2.4515
2.2724
2.5188
2.5173
2.5228
2.3453
2.4314
2.3924
2.5079
2.3100
2.5289
2.3159
2.3585
2.3379
2.3233
2.3790
2.5095
2.5487
2.4828
2.3294
2.5582
2.4457
2.3631
2.4417
2.4281
2.3831
2.4841
2.5011
2.4375
2.4683
2.4986
2.4369
2.5460
2.5382
2.5234
2.5272
2.5612
2.5632
2.5783
2.5817
2.5045
2.4818
2.5626
2.5383
2.5425
2.4663
2.4513
2.4483
2.4179
2.4016
2.4332
2.4964
2.5041
2.5613
2.4309
2.5367
2.4462
2.3802
2.4010
2.5294
2.5128
2.4524
2.4709
2.2744
2.4534
2.3821
2.4971
2.5061
2.4556
2.5211
2.5087
2.3922
2.4060
2.3611
2.4763
2.5738
2.6560
2.4848
2.4660
2.4725
2.4683
2.4414
2.5003
2.4765
2.4937
2.4507
2.4026
2.5610
2.5146
2.5587
2.4314
2.4785
2.4692
2.4691
2.4844
0.9041
2.7208
1.8285
2.3223
2.6672
2.2188
2.5554
1.9403
2.3738
1.7915
2.4052
2.1082
2.1505
1.6590
2.8291
2.6920
0.9625
2.2522
1.6662
2.4143
2.4830
1.8342
2.2278
2.6066
2.0759
2.3302
2.2627
1.9966
2.5005
2.6272
1.9978
2.2608
2.7741
2.7593
1.8238
1.9888
2.1984
2.7372
2.5324
1.4644
2.8910
2.8557
2.8962
2.6966
2.6016
2.7397
2.7987
2.9339
2.3949
2.0251
2.4405
2.9604
2.8924
2.4078
2.4905
1.9574
2.0377
2.1160
2.2418
2.1583
2.4473
2.5254
2.6718
2.3434
2.6772
2.6983
2.7126
2.4141
2.3476
2.3413
2.5067
2.8714
2.3578
2.5700
2.6826
2.1368
2.2224
2.1265
2.3491
2.1438
2.6410
2.5832
2.6638
2.1395
2.3732
2.3844
2.7037
2.3485
2.4960
2.4946
2.6875
3.0537
1.1366
2.8046
2.4370
2.4020
2.5997
2.6096
1.3457
2.7014
2.5012
2.6900
2.5328
2.5829
2.7206
2.6179
2.4006
2.2725
2.2648
1.9338
2.7121
2.9676
2.9765
3.4954
2.8079
2.8262
2.9374
3.1125
3.0498
3.0022
3.1656
2.9733
3.1276
3.1490
2.8572
2.8237
2.8186
2.8052
3.1115
2.8075
3.0680
3.0982
3.0563
2.8431
2.6362
3.0646
3.0699
2.9953
2.9992
2.5605
2.8296
2.9823
2.5264
2.9158
3.1350
2.9236
2.3677
2.8294
3.1545
3.1462
3.0297
3.0314
2.1086
2.2015
2.5369
2.6904
2.4817
2.6278
2.6035
2.7851
2.8073
2.7220
2.4702
2.4976
2.7534
2.7333
2.7631
2.7745
2.7131
2.4398
2.4255
2.5656
2.6433
2.7904
2.3546
2.5416
2.4844
2.3441
2.8525
2.5239
2.7767
2.9502
2.9172
2.7804
2.9158
2.7788
2.5662
2.5707
2.9367
2.3597
2.9731
2.6537
2.9048
2.2999
2.5536
2.5106
2.7792
2.8302
2.8816
2.9157
2.8184
2.9821
3.0277
2.4505
2.7050
2.8470
3.0327
2.7287
2.6225
3.0424
3.0276
3.0144
2.8578
2.4947
2.3918
2.7685
2.7428
2.9813
2.7687
2.8357
2.9259
2.9493
2.7293
2.2959
3.0119
2.8211
2.7008
2.9980
3.0058
2.8472
2.9432
2.7563
2.7924
2.7624
2.9919
2.5526
2.8219
3.0443
2.8774
2.9917
3.0419
3.0287
2.7809
3.0479
2.9847
3.0476
2.8756
3.0420
2.7789
2.7100
2.6826
3.2673
2.0333
2.1783
2.1334
2.7517
2.0396
2.5182
2.5297
2.4692
2.4762
2.6161
2.5492
2.6850
1.7600
2.5224
2.3489
2.5132
2.3923
2.2342
2.4245
1.8689
1.9668
2.6492
2.9048
2.8944
2.8464
2.9391
2.2558
2.1348
2.0329
2.4893
2.7866
2.9088
3.0848
2.8159
2.9247
2.8324
2.5217
2.3631
2.9916
2.9044
2.4944
2.7813
2.7931
2.3146
2.7383
2.8007
2.5882
2.6854
3.0104
2.9687
2.8402
2.7836
2.9040
2.7790
2.9886
2.9213
3.0145
2.5676
3.0103
3.0339
2.4131
2.8142
2.3432
2.1742
2.7035
2.1030
1.9140
2.2313
2.3394
2.2415
2.5606
2.6666
3.0576
2.2797
2.6170
2.7290
2.7512
2.5534
2.6840
2.5751
2.7856
2.3559
2.8207
2.7008
2.6567
2.6163
2.6011
2.5888
2.7169
2.7152
2.6646
2.9300
3.0168
2.3122
2.5269
2.6831
2.3716
2.5558
2.6818
2.6399
2.5854
2.6227
2.0725
2.9011
2.7293
2.8650
2.8309
2.2296
2.6362
2.6327
2.7812
2.5808
2.7904
2.7353
2.7270
2.7796
2.9122
3.0299
2.8306
2.8722
2.6769
2.8851
2.3416
2.5583
2.6951
2.6206
2.7289
2.9802
2.6641
2.8273
2.8878
2.6653
2.3182
2.6826
2.3539
2.6029
2.5140
2.2204
2.6339
2.4328
2.3583
2.4651
2.2906
2.6487
2.7228
2.2290
2.1891
2.6822
2.6704
2.8533
2.4967
2.5624
2.9196
2.5707
2.5136
2.8004
2.1867
2.1838
2.8393
2.8259
2.7357
2.8325
2.7252
2.4798
2.8943
2.8106
2.6366
3.0125
3.1502
3.0790
3.0437
2.9023
2.9519
2.8954
2.9177
2.5446
2.8353
2.8646
2.8786
2.9904
3.0280
2.6804
2.9359
2.2258
3.0939
3.0837
3.1174
3.1122
2.6836
3.0369
2.9578
2.5602
2.9664
2.7251
2.5383
2.3701
2.9638
2.7578
3.1350
3.0370
2.9075
2.8200
3.0527
2.4879
2.8704
2.8623
2.9473
2.7150
3.0746
2.4828
2.8581
2.2732
3.1350
3.2200
2.8609
2.9370
2.8525
3.2188
2.2156
2.9285
2.7879
3.1731
2.8558
2.8207
2.8498
2.8147
2.8006
2.8842
2.8819
3.1801
2.7016
2.7129
3.2335
2.3116
2.1767
2.0270
2.3387
2.3277
2.4782
2.7066
2.5386
2.7960
2.6195
2.4393
2.6599
2.6496
2.4869
2.6223
2.6670
2.2950
2.7980
2.6307
2.5316
3.0185
2.6878
2.6961
2.4537
2.9607
2.4640
2.2558
2.1047
2.9156
2.9533
2.7070
2.7034
3.0818
2.5216
2.8570
2.8736
2.2319
2.5817
2.4619
2.8184
2.6206
3.2456
2.9002
2.4411
2.5464
2.4700
2.5106
2.9020
2.7163
2.5011
2.8553
2.9239
2.1357
2.7468
2.4029
3.3051
3.0329
3.1813
3.2045
2.6767
2.7890
2.6881
2.7882
2.6669
2.6986
3.2579
2.9645
2.9892
3.0852
3.0528
2.7488
2.7662
2.7913
2.9310
2.8950
2.9979
2.8240
2.7190
2.7977
3.0041
2.5533
3.1132
3.0507
2.8977
2.5374
3.1449
2.8760
2.6190
3.1438
2.6150
2.7532
3.1765
3.2874
2.3067
2.3587
2.1892
2.5957
2.5593
2.7414
2.2092
2.5801
2.2876
2.4636
2.5843
2.7136
2.2314
2.3304
2.6279
2.4312
2.7475
2.3792
2.6099
2.7445
2.6525
2.7932
2.6831
2.7653
2.7104
2.6621
2.6950
1.9935
2.5627
2.6934
2.3439
2.6969
2.2755
2.5576
2.7435
2.6845
2.7737
2.7171
2.5679
2.6768
2.4373
2.5583
2.4385
2.7395
2.2769
2.4292
2.7799
2.5419
2.4329
2.3804
2.6898
2.5101
2.5879
2.7826
2.7414
2.7769
2.7841
2.6778
2.7819
2.7730
2.6625
2.7808
2.7802
2.6791
2.7635
2.5530
2.7132
2.7779
2.7781
2.4377
2.2572
2.7976
1.9580
2.1990
2.7740
2.7978
2.7952
2.4549
2.1839
2.8006
2.6490
2.7504
2.8085
2.8017
2.7969
2.2419
2.8109
2.8234
2.7207
2.2863
2.8188
2.7652
2.2065
2.7559
2.4886
2.5568
2.6589
2.3955
2.8246
2.7939
2.7940
2.6667
2.2776
2.7473
2.2569
2.6139
2.3000
2.7044
2.8804
2.8934
2.5683
2.6477
2.2828
2.7977
2.2502
2.8465
2.8275
2.9231
2.1230
2.9371
2.9774
2.4844
2.8177
2.4617
2.4890
2.4210
2.5872
2.5022
2.7746
2.7591
2.7590
2.3421
2.7815
2.7807
2.7827
2.7782
2.7811
2.7777
2.7844
2.7807
2.7790
2.7865
2.6659
2.7841
2.7796
2.5340
2.7793
2.7711
2.7740
2.1456
2.7604
2.3210
2.8300
2.2880
2.7743
2.8291
2.7895
2.7620
2.8489
2.7999
2.8460
2.6963
2.7672
2.8422
2.8432
2.8022
2.4149
2.1580
2.3424
2.7061
2.2885
2.4427
2.8646
2.7636
2.8843
2.8884
2.7394
2.3734
2.3694
2.7872
2.6402
2.8278
2.6997
2.6978
2.7794
2.8907
2.8974
1.9464
2.7041
2.8043
2.6666
2.7663
2.5047
2.6796
2.6440
2.4022
2.4894
2.3783
2.3267
2.7784
2.7807
2.7752
2.7779
2.7634
2.7617
2.4612
2.4346
2.7789
2.7762
2.2944
2.7807
2.7820
2.7804
2.7921
2.6709
2.7792
2.7897
2.7879
2.7797
2.7839
2.7786
2.5067
2.3165
2.7901
2.6986
2.4139
2.7761
2.7802
2.7804
2.3391
2.5400
2.4165
2.3311
2.3289
2.8724
2.5861
2.4147
2.9930
2.8416
2.5208
2.8078
2.8902
2.9556
2.3735
2.9754
2.3080
2.7258
2.6504
2.9028
2.6044
3.0413
2.3923
2.5351
2.8802
2.5429
2.7353
2.8701
2.5601
2.5282
2.4688
2.6182
2.6979
2.7626
2.8693
2.7020
2.8090
2.8104
2.7389
2.8328
2.8086
2.8415
2.6304
2.8930
2.9595
2.6967
2.9251
2.7286
2.9040
2.7733
2.9513
2.7735
2.7165
2.7182
2.5434
2.6460
2.6178
2.9880
2.9801
3.0931
2.8300
2.6166
2.8416
2.5475
3.0548
3.0506
2.4347
2.8263
3.1296
3.0178
2.8361
3.0282
2.3255
3.0789
2.7822
2.7640
2.7837
2.7628
2.7565
2.7601
2.7783
2.7865
2.7763
2.7640
2.7780
2.8672
2.8635
2.8762
2.8668
2.7459
2.7243
2.4740
2.6892
2.5771
2.7006
2.7239
2.7009
2.6931
2.7241
2.6683
2.5196
2.6427
2.6824
2.3068
2.6299
2.6117
2.6884
2.6463
2.5354
2.6997
2.6337
2.6122
2.6954
2.3904
2.4712
2.4935
2.5009
2.7283
2.6007
2.6793
2.5778
2.6517
2.6311
2.6689
2.6269
2.6559
2.6749
2.6500
2.6723
2.6824
2.6955
2.7023
2.4742
2.3418
2.6521
2.6205
2.7057
2.6791
2.6938
2.6893
2.6894
2.7082
2.7205
2.6972
2.6433
2.6592
2.6531
2.7247
2.3564
2.6768
1.8033
1.7426
1.7654
2.4183
1.5945
1.7317
1.4102
1.7557
2.1593
1.7236
1.7733
1.4720
1.4262
2.0960
1.8874
2.0785
1.2470
2.0421
2.1121
2.0565
1.7223
1.9308
2.0801
2.2571
2.2231
1.7125
2.1074
2.2370
1.4673
1.6890
2.1856
2.1653
2.2533
1.5154
1.6851
2.0704
2.1887
1.2240
1.9704
1.7638
1.5293
2.1869
2.0676
1.7962
2.7075
2.3267
2.7054
2.2433
2.7762
1.8215
1.9125
1.8794
2.5976
2.6771
2.7079
2.8222
1.8943
2.8314
2.6737
2.1697
2.3515
2.0457
2.7832
2.3444
2.6522
2.8073
1.8181
2.0732
1.4480
1.7899
2.1013
1.4434
2.0239
2.0843
2.0652
1.9845
1.5335
1.3003
1.5591
1.7796
2.0595
2.0357
1.9334
2.0588
1.5169
1.7234
2.1049
1.9839
1.6728
1.5931
1.7297
1.8893
2.2448
1.8860
2.2372
2.1876
2.1036
2.2360
2.2544
2.2434
2.0805
1.4939
1.7282
2.2261
2.2414
1.3396
2.2424
1.8968
2.2436
2.2024
2.7422
2.4470
2.5309
2.3985
2.6439
2.6769
2.3193
2.8518
2.6744
2.5548
2.7674
2.6228
2.5369
2.8558
2.7875
2.8256
2.6209
2.6720
2.3776
2.5725
2.7362
2.5234
2.8087
1.9805
3.0046
2.9829
2.9398
2.7641
3.1861
2.8726
2.5340
2.6672
2.3929
2.4162
2.8683
2.8671
3.1041
2.9818
2.7829
3.1195
2.7687
3.0352
2.6845
2.5025
2.2812
2.5097
2.9171
2.0639
2.4947
2.7035
2.4382
2.4687
2.6558
2.8155
2.8357
2.6252
2.6772
2.6198
2.2744
2.7904
2.3089
2.7315
2.7129
2.7708
2.4192
2.3503
2.8375
2.1645
2.9297
3.0403
2.8396
2.9547
3.0362
2.9207
2.8749
3.0047
3.0060
3.0020
3.0214
2.8007
3.0149
3.0147
3.0098
3.0136
2.9507
3.0139
2.9942
3.0146
2.8972
3.0159
2.8508
3.0265
2.7250
2.7082
2.6787
2.7933
2.9639
2.7849
2.9088
2.9220
2.9050
2.9604
2.9603
2.9445
2.9599
2.9338
2.9658
2.9456
2.9924
2.6034
2.9853
2.4750
2.8106
2.3156
2.6444
2.9201
2.7475
2.9852
2.9840
2.9377
2.7986
2.7915
2.5891
2.7349
2.8614
2.3226
2.5526
2.4737
2.3469
2.8516
2.8165
2.9172
2.7352
2.8197
2.8667
2.8990
2.8205
2.6825
2.9510
3.0045
2.5597
2.6080
2.5562
2.6027
2.6140
2.7061
2.7012
2.7443
2.8509
2.8130
2.4865
2.4084
2.7559
2.3614
2.5471
2.7940
2.9434
2.5320
2.8506
2.7807
2.9734
2.9226
2.9946
2.5673
2.6164
2.5266
2.8256
3.0069
2.5517
2.3951
2.6102
2.5991
2.7438
2.9927
2.8150
3.0159
2.7016
2.8247
2.6657
2.6922
2.8967
2.3245
1.6229
2.2588
1.5851
2.8798
2.3218
2.7858
2.8370
1.6445
1.6538
1.6834
2.4942
2.1831
1.6582
2.2906
2.5468
2.3758
1.9725
2.4952
2.0191
1.6229
2.3027
2.4576
1.4690
1.6825
1.7582
1.8271
1.9206
1.9918
2.7482
2.7901
2.8626
2.1310
2.5258
2.2235
2.6641
2.6636
2.3699
1.4594
1.4963
2.4510
1.6526
1.6397
1.9870
2.1105
2.3141
1.6685
2.3163
2.3212
1.9501
2.3171
2.3330
2.2984
2.1925
2.3223
2.3237
2.3290
2.3247
2.3219
2.3267
1.8892
2.2646
2.3150
1.9384
2.0572
1.9727
2.0624
1.8645
2.2381
2.2410
2.1961
2.2408
2.2259
2.2751
2.0130
2.2809
2.2093
2.3200
2.2858
2.3359
2.1665
1.5995
1.6670
2.0880
2.2580
1.9655
1.8959
2.2436
2.0676
2.1824
2.2895
2.2697
2.2679
2.2266
2.0246
2.2036
2.1542
1.7105
2.1333
2.1438
2.1931
2.1445
2.2000
2.2215
2.1219
2.0855
2.2269
2.0595
2.2012
2.2240
2.1911
2.2888
2.2312
2.2203
2.0138
2.0742
1.8534
1.9850
2.2586
2.7595
2.6515
2.6292
2.9886
2.7802
2.7471
2.9384
2.7218
2.8900
2.9517
2.3847
2.8731
2.8502
2.7816
2.7751
3.0178
2.2341
3.0183
2.9744
2.5105
2.7008
2.4954
2.9157
3.0391
2.3961
2.9280
2.7932
2.7751
3.0486
2.9921
3.1107
3.2366
3.0849
2.2162
3.2490
3.1344
2.8076
3.3270
3.4408
2.3565
2.9305
3.0612
3.0573
2.9337
2.9525
2.7629
3.1031
3.1380
2.8231
3.0661
2.7926
2.4424
2.9669
2.9546
3.1022
3.0345
2.9686
2.8129
2.7457
2.5276
2.9048
2.7271
2.7459
2.5836
2.5981
2.4704
2.8338
2.9257
2.8290
2.7445
2.8669
2.6948
2.8751
2.6542
2.6555
2.3436
2.8324
2.8916
3.0123
3.0321
2.7688
3.0087
3.0334
3.1809
2.8209
3.1495
2.8343
2.9306
3.0702
3.0734
3.2098
3.0003
2.7704
3.1186
2.8516
2.8539
3.0271
3.0836
2.8360
2.5002
2.7725
2.6977
2.4241
2.1550
2.8058
2.1121
3.1370
2.9175
3.2380
2.5538
2.7190
2.6491
2.5775
2.4487
2.3866
2.5712
2.5100
2.5099
2.8080
2.3646
2.1517
2.8936
2.6057
2.7238
2.1872
1.8108
2.7747
2.9772
2.9961
3.0025
2.9935
2.9774
2.9875
2.5234
2.9280
2.6520
2.6507
2.9195
2.8545
