314.30
363.65
354.55
363.32
318.26
291.37
308.73
389.55
390.04
416.21
314.62
309.52
324.64
325.10
364.99
385.93
346.53
370.84
340.85
302.74
426.77
354.70
473.08
391.97
401.14
377.40
412.53
388.01
361.63
491.47
335.72
362.49
484.86
362.88
363.91
362.27
382.84
374.87
355.15
356.46
376.92
326.27
332.58
339.38
373.81
369.43
377.64
370.83
380.49
388.80
390.15
341.65
460.97
402.72
345.78
339.75
321.72
303.56
350.45
371.85
329.18
351.48
334.66
402.93
339.17
346.88
346.02
348.24
332.22
337.88
340.60
317.53
444.84
386.38
362.17
444.75
378.22
314.01
324.89
342.07
391.49
339.27
332.51
320.21
329.38
360.68
337.93
324.10
355.31
353.25
400.89
395.27
370.91
544.74
390.60
366.62
368.23
342.60
353.03
334.92
375.26
282.20
305.59
321.28
355.20
318.84
361.14
331.73
400.00
350.84
360.50
316.39
325.83
297.83
319.36
308.60
315.48
318.67
319.40
305.67
304.25
325.64
315.44
291.86
282.51
311.49
328.34
325.53
307.66
313.14
325.54
300.87
289.12
327.48
309.40
328.36
285.13
277.25
356.14
370.41
315.00
333.12
327.61
321.59
321.83
380.32
329.61
294.89
297.74
319.55
321.09
308.57
321.22
317.74
495.84
347.38
333.58
315.45
329.96
344.00
566.40
369.64
343.74
389.40
325.99
358.44
354.05
346.71
311.75
360.10
361.71
315.98
325.78
319.98
304.70
361.48
319.69
304.89
301.53
315.06
308.13
304.87
316.06
332.72
393.70
329.37
320.34
491.89
393.96
318.88
330.96
314.07
357.39
406.14
323.51
321.51
310.87
336.76
330.39
313.84
342.35
345.26
312.54
317.16
330.93
260.12
329.91
280.69
285.56
225.50
298.61
276.66
378.76
363.66
352.31
446.56
450.73
470.98
320.48
310.29
318.32
319.49
316.10
311.41
318.55
333.51
327.05
316.81
324.77
347.96
348.72
384.33
365.22
316.07
316.46
344.05
409.03
364.05
360.79
360.62
367.71
315.36
458.81
416.40
402.38
384.15
340.39
322.66
276.80
247.73
318.18
292.73
248.56
341.34
292.04
329.51
346.66
330.17
288.51
385.71
344.86
340.90
301.13
327.82
312.09
305.60
324.30
309.78
328.20
296.58
315.33
381.02
374.75
384.24
358.25
373.36
337.84
334.77
379.08
370.87
299.79
337.65
343.17
370.70
329.49
379.78
353.28
346.35
379.20
368.99
397.69
320.84
314.32
353.70
352.21
362.82
401.17
398.08
362.27
354.71
342.99
352.46
324.62
327.81
334.38
322.68
325.17
324.86
311.64
353.14
314.33
330.25
350.61
292.30
248.08
411.33
512.72
349.78
341.27
336.85
328.79
318.93
319.06
321.31
337.46
305.57
322.42
281.22
396.47
358.75
334.58
317.74
326.67
267.17
320.56
340.95
313.75
280.10
322.44
385.57
415.85
349.88
371.34
389.56
349.61
313.60
396.60
309.81
284.87
335.17
288.37
314.71
338.32
301.53
315.53
298.79
348.75
296.51
285.90
283.24
294.01
306.77
280.74
400.37
329.85
337.65
324.64
326.69
323.73
353.76
338.20
315.36
362.86
346.67
339.45
327.05
357.76
342.49
304.42
274.28
343.26
417.10
331.76
353.65
318.62
309.46
383.74
330.33
306.30
322.69
389.10
369.71
347.77
369.73
357.51
406.12
365.82
389.78
335.24
368.08
434.27
371.17
352.13
293.87
373.18
333.13
330.99
287.38
339.41
372.75
373.00
308.69
338.72
339.98
374.10
337.90
310.56
310.02
326.31
328.14
365.52
337.80
352.31
342.88
380.36
362.26
390.38
390.17
354.82
334.73
347.55
334.19
345.37
335.69
338.73
326.87
323.11
319.11
328.43
337.15
323.14
353.55
296.58
293.46
313.84
300.30
287.95
366.70
380.24
383.64
382.72
330.92
332.59
321.87
317.40
347.98
357.38
358.17
325.86
376.20
324.59
362.95
299.60
345.69
385.27
311.80
295.34
321.14
327.07
301.81
311.00
309.76
384.28
328.50
352.70
369.62
388.67
318.60
414.64
364.61
375.10
332.65
379.01
302.59
341.21
354.58
310.95
338.06
349.41
315.74
336.92
337.07
326.91
326.45
432.50
340.33
378.06
424.00
364.10
370.38
378.40
404.83
462.63
368.46
425.79
381.43
388.69
410.92
351.34
369.35
329.57
409.29
328.85
349.46
368.76
332.40
350.53
359.77
310.14
323.42
426.27
337.84
412.01
470.50
403.06
343.93
370.89
358.52
363.86
384.41
366.15
349.35
306.36
354.00
398.04
390.02
297.92
312.42
306.57
324.13
373.86
342.71
315.90
325.40
344.06
334.90
428.48
385.13
334.25
377.97
360.89
370.37
370.87
387.99
330.11
402.27
334.10
413.94
317.76
387.47
351.06
425.47
399.94
416.41
367.77
368.84
349.29
347.33
426.15
357.71
377.65
350.36
350.11
365.22
348.25
365.41
370.27
383.63
395.96
379.96
367.45
345.67
340.41
344.77
384.31
340.05
338.36
340.64
331.91
341.34
433.00
454.66
348.96
359.62
325.61
333.59
348.44
448.32
339.87
381.15
326.25
329.39
397.99
359.54
378.06
364.24
347.15
320.75
319.39
356.41
361.16
334.52
353.20
349.35
353.77
327.17
320.92
290.44
306.63
320.84
376.89
370.81
342.84
353.23
357.14
324.95
318.87
336.00
397.46
375.51
391.07
361.30
349.72
331.34
334.68
337.38
356.63
338.92
381.23
341.70
394.66
326.96
325.86
316.30
341.37
310.93
315.59
360.33
333.49
323.38
428.59
417.68
373.60
347.16
432.72
393.77
406.41
384.68
377.01
406.76
442.79
399.54
374.66
364.52
389.31
385.66
374.41
424.34
400.95
358.75
383.82
364.14
368.80
412.59
357.74
374.77
342.90
337.02
323.06
404.88
369.79
461.20
399.68
383.93
451.47
450.67
358.48
385.37
338.72
416.24
474.13
410.54
428.98
309.43
329.63
352.27
323.76
291.86
307.39
305.26
364.17
361.38
384.38
371.94
357.78
326.17
301.02
311.05
354.44
313.49
330.78
323.89
324.90
351.20
322.68
307.71
368.84
344.09
444.54
317.98
321.66
308.66
310.84
397.23
344.05
306.16
322.97
334.38
301.14
386.17
332.64
367.18
354.80
440.14
443.71
327.42
361.08
367.73
437.21
394.57
400.02
411.44
357.38
444.93
374.61
392.94
524.06
412.41
346.03
422.74
364.91
334.95
330.41
369.04
317.10
378.72
351.52
346.13
404.93
412.14
366.83
454.50
426.44
364.05
355.44
364.59
358.77
339.91
376.20
424.42
347.63
424.28
343.38
319.13
310.50
362.53
385.48
365.73
331.97
386.92
332.89
455.06
396.27
444.12
360.25
408.21
339.88
347.05
408.92
396.70
364.69
404.44
396.94
372.40
352.29
350.64
367.00
343.82
336.03
464.39
336.06
374.51
436.75
347.06
336.09
366.04
334.35
335.16
337.59
373.55
346.34
364.15
343.17
359.26
360.09
362.40
334.61
339.66
343.12
357.04
352.23
335.61
335.82
400.18
361.28
453.94
377.44
327.46
341.86
352.09
359.61
407.80
404.06
330.38
364.32
363.50
351.99
397.41
400.26
347.85
369.53
381.74
356.66
376.27
325.66
360.50
325.37
344.13
328.21
368.85
369.57
318.45
321.38
369.33
330.84
395.39
374.60
382.79
382.45
403.21
397.49
378.53
355.31
360.38
364.78
498.32
355.72
395.82
465.87
360.68
379.64
337.43
366.71
343.14
322.72
343.25
337.08
393.10
320.01
352.30
333.19
321.89
324.20
323.98
314.25
343.53
305.61
336.55
327.21
299.86
320.30
292.93
343.62
369.53
341.14
338.30
360.55
341.10
334.41
335.99
441.57
364.03
332.16
337.42
330.00
332.31
335.58
333.88
348.77
350.56
438.58
329.62
370.72
444.54
396.56
363.11
492.78
349.07
424.13
367.28
347.71
341.59
303.22
396.03
382.71
423.35
415.51
428.75
375.94
371.97
391.76
437.91
370.41
342.77
335.07
367.05
356.46
371.75
362.40
471.43
384.85
417.43
350.06
365.62
393.73
354.99
325.45
359.20
454.21
362.09
396.46
398.60
451.46
388.89
363.16
351.48
378.38
432.41
464.22
381.40
374.88
359.55
436.75
387.62
423.31
427.64
392.67
355.55
364.18
347.31
342.61
327.63
357.39
384.14
290.24
326.95
343.03
323.18
349.80
344.34
301.18
320.05
354.63
329.66
323.73
335.47
286.89
402.01
353.46
398.89
344.73
370.82
371.98
342.36
351.06
379.38
339.40
326.78
371.63
366.81
407.93
335.85
355.46
352.80
362.05
387.92
348.95
392.32
326.57
357.88
368.86
336.86
399.49
353.33
402.51
338.62
337.60
328.11
331.36
376.40
342.23
345.94
326.57
327.07
349.50
334.34
376.49
325.44
347.74
400.33
370.06
365.04
392.43
438.00
335.65
325.04
324.73
320.49
322.82
343.78
323.05
333.20
394.50
322.48
326.67
342.88
327.99
324.42
352.77
364.39
343.24
343.57
358.49
384.19
356.08
320.55
327.15
328.68
313.22
384.36
332.94
371.65
313.23
319.17
345.22
347.24
320.52
319.84
341.45
371.27
349.32
329.00
369.60
399.88
313.98
334.06
330.79
414.60
376.07
349.46
386.47
352.66
326.30
328.06
368.71
402.04
338.22
343.33
353.75
334.23
344.49
368.42
324.04
335.02
354.33
318.80
399.10
359.51
349.90
351.59
317.65
320.63
323.76
383.79
330.22
314.08
312.68
322.59
319.53
319.00
365.64
375.63
352.96
465.69
347.92
405.20
389.69
348.83
331.70
374.33
343.16
330.12
335.82
330.04
401.66
326.15
338.33
342.30
341.10
366.02
354.05
321.26
337.39
321.65
325.30
396.86
375.83
384.23
335.93
325.53
317.66
378.86
338.45
390.03
338.57
359.62
347.28
358.52
408.30
327.76
378.01
343.16
349.24
338.97
318.00
326.53
353.38
375.81
340.48
429.22
340.15
376.55
326.42
313.18
355.26
325.59
316.54
321.03
293.14
298.78
303.70
316.03
288.75
353.89
402.15
325.48
330.71
308.96
323.84
333.48
329.58
308.52
347.27
329.31
300.71
364.83
268.81
348.70
325.39
334.74
327.35
295.17
331.54
305.34
304.84
301.01
380.42
313.69
355.26
346.60
395.50
460.47
374.57
368.76
369.53
370.54
329.00
369.45
369.87
438.79
334.54
375.47
372.54
332.29
367.05
368.52
392.60
358.05
301.75
330.23
374.37
339.93
332.30
342.63
385.97
450.15
342.25
331.49
324.51
380.07
388.66
381.45
354.23
322.01
395.36
327.23
327.32
342.81
351.23
378.78
378.79
301.67
408.39
364.83
299.30
391.15
394.91
391.37
493.62
379.77
340.95
388.21
386.01
383.30
384.14
344.36
299.69
307.49
325.88
398.12
324.14
315.15
366.32
328.91
361.85
301.14
330.70
338.39
319.36
371.89
332.47
290.67
331.40
344.97
375.90
460.62
310.60
299.98
358.62
375.83
380.13
410.59
373.67
369.84
376.68
371.79
372.40
401.38
376.27
375.97
460.66
512.47
383.45
370.18
431.47
383.42
379.86
380.00
380.17
375.69
391.46
371.91
376.96
406.12
389.87
418.20
406.52
392.56
405.90
432.87
377.61
377.21
409.47
376.49
391.70
373.03
376.17
376.19
372.99
405.58
455.82
372.72
370.51
404.11
409.27
370.90
370.27
368.91
389.06
370.52
376.81
368.82
370.97
404.21
369.19
365.17
337.06
325.98
351.07
353.42
345.01
346.11
330.80
369.10
362.19
350.70
327.92
304.77
446.03
327.50
347.46
322.95
319.17
341.53
334.46
299.51
314.91
342.67
327.11
353.14
347.38
357.74
353.11
326.05
312.25
305.27
317.37
316.19
310.01
374.96
364.94
364.70
344.66
320.51
323.59
315.08
322.85
308.77
311.06
316.90
340.79
342.95
303.76
329.04
352.22
346.14
354.52
307.16
316.81
330.89
306.75
324.88
304.52
347.46
363.36
367.87
302.54
355.72
325.45
333.63
335.91
456.90
319.92
376.91
352.04
367.19
335.95
367.05
362.40
355.10
316.13
360.67
318.65
357.09
324.64
309.72
329.89
332.96
315.36
311.06
331.30
331.32
453.54
389.28
354.77
321.28
323.69
370.65
390.51
319.72
355.09
391.16
343.65
346.77
329.69
340.41
346.59
352.43
359.78
334.27
368.14
360.03
363.23
357.99
353.73
309.82
376.61
337.33
384.69
385.78
340.39
376.06
335.11
329.23
330.49
348.99
345.82
350.94
368.74
331.76
375.97
405.36
326.41
327.58
612.49
388.56
377.49
328.00
371.57
369.57
351.66
454.26
373.56
370.11
339.20
417.91
337.82
388.52
358.79
451.58
331.46
331.19
349.50
350.77
424.81
335.28
325.67
337.16
464.98
368.88
343.41
364.09
370.83
347.20
341.45
408.44
386.91
386.42
362.43
358.84
403.68
362.80
344.25
382.54
338.50
336.93
347.15
369.54
354.84
348.54
340.23
356.55
344.98
361.00
336.29
351.22
371.43
352.74
337.62
386.47
423.89
350.81
356.36
358.53
361.96
345.02
412.58
373.89
326.69
321.43
348.53
332.36
344.16
361.37
346.80
358.30
349.45
360.35
394.83
331.43
329.23
340.49
337.39
327.68
389.69
352.13
338.02
326.44
342.83
349.18
339.65
329.75
332.32
376.52
352.50
357.94
369.81
371.35
336.19
403.43
384.11
325.41
328.80
436.54
326.91
371.07
369.62
388.34
342.45
322.81
317.79
338.13
339.09
340.78
342.47
344.26
330.02
307.88
313.16
398.97
340.42
343.65
347.32
348.28
382.30
344.02
344.95
338.49
335.23
333.94
384.19
373.75
331.07
452.45
363.78
318.23
336.07
330.83
379.52
376.37
338.42
362.69
339.52
333.97
341.54
326.98
330.83
331.50
339.15
338.21
331.04
331.56
334.94
361.64
363.35
331.10
322.45
365.22
374.80
337.59
343.29
398.32
337.57
347.19
396.48
344.61
342.49
345.09
354.84
384.88
364.97
371.78
336.34
370.64
348.15
337.59
330.22
376.16
323.89
331.61
325.92
326.03
333.53
326.42
367.37
357.50
325.43
373.43
360.42
346.75
351.47
333.63
339.75
331.93
363.65
344.49
329.21
354.47
333.21
328.09
333.41
406.33
320.55
353.18
389.35
384.34
353.78
439.30
384.19
420.59
353.76
372.55
380.55
374.20
343.46
410.61
369.14
390.17
348.73
483.30
368.95
349.96
343.85
480.14
341.05
387.16
322.95
427.33
335.00
339.94
366.56
361.48
356.20
354.32
357.23
384.79
367.80
402.90
359.21
373.63
391.81
432.40
418.77
389.52
418.25
328.54
370.18
348.69
329.95
369.76
371.38
347.73
365.86
375.31
352.51
349.28
350.16
331.18
331.58
347.59
360.11
347.72
345.83
364.03
356.70
335.85
321.40
339.64
342.33
349.57
354.29
290.93
371.17
316.89
331.89
310.80
369.24
292.49
305.31
316.34
361.61
361.20
360.02
349.66
321.08
347.78
324.24
334.24
365.50
341.82
387.00
371.56
319.57
324.72
377.89
359.70
372.67
349.29
328.15
395.99
373.16
346.88
391.78
387.25
368.85
325.01
352.40
349.56
362.63
388.62
413.72
401.05
348.98
323.40
459.62
365.74
378.61
449.92
389.42
354.01
381.96
356.38
417.19
344.17
443.99
414.44
347.95
345.89
340.65
377.31
366.55
317.62
394.31
362.32
355.98
317.46
312.56
315.49
384.28
322.55
341.98
315.31
404.43
340.53
330.44
360.31
417.19
310.09
379.73
354.07
392.74
323.42
309.85
314.57
316.07
309.50
401.29
321.95
345.98
350.50
315.55
370.26
412.21
332.84
395.65
394.85
400.90
422.01
352.03
320.54
321.57
332.49
327.50
346.77
327.70
319.08
357.87
366.84
391.45
360.99
330.71
346.97
357.07
382.33
340.27
418.41
339.77
339.18
399.93
348.18
386.89
365.13
322.24
353.04
339.77
454.79
453.62
380.35
410.77
387.99
331.87
350.02
409.76
334.57
368.31
357.87
334.52
345.22
356.66
357.50
391.69
426.45
428.68
344.31
336.97
339.90
409.95
371.64
352.74
358.49
453.44
388.48
342.82
340.92
403.20
347.99
369.37
521.92
520.31
451.92
356.20
359.17
448.80
345.69
333.65
363.83
334.56
368.61
363.84
339.74
339.18
333.15
439.08
378.98
444.83
468.68
376.73
381.16
384.44
349.95
360.06
350.82
351.31
359.76
339.02
380.57
462.78
359.77
327.05
321.91
366.11
341.22
342.74
351.70
422.00
331.15
450.92
338.88
337.01
320.95
327.28
377.52
373.53
392.96
423.66
427.67
354.65
306.78
452.48
316.23
293.27
369.13
387.10
317.71
352.07
336.46
349.84
323.14
351.23
362.14
323.30
324.02
312.70
337.49
342.26
311.94
327.09
349.67
387.28
327.62
323.16
317.31
358.87
362.18
338.51
383.85
336.51
346.39
337.22
327.68
335.49
371.62
317.65
325.12
371.23
334.13
327.94
330.73
312.20
376.22
375.78
367.09
319.88
375.43
368.13
329.28
323.16
354.11
309.92
305.95
313.87
448.25
357.39
360.88
351.50
359.50
366.10
375.05
330.78
326.72
393.60
361.14
386.39
355.23
345.74
364.53
349.93
315.37
326.72
382.59
335.21
379.63
331.16
329.20
328.83
329.69
340.33
327.47
339.28
319.89
292.75
265.77
383.69
324.43
342.57
356.20
344.69
345.15
343.71
343.72
334.14
342.17
459.12
343.44
337.17
338.19
342.55
346.89
321.36
350.69
369.02
329.98
279.07
344.37
378.21
297.11
307.62
331.90
390.15
331.36
324.32
321.22
321.85
388.15
346.19
285.87
284.83
269.95
283.96
285.59
388.34
345.21
320.64
323.01
436.13
320.91
312.47
314.02
332.92
337.72
298.91
326.15
322.88
270.85
382.17
354.45
382.10
413.52
387.36
333.08
374.90
371.29
383.03
389.27
399.38
318.00
375.24
350.46
340.39
450.64
323.43
322.11
325.51
303.75
331.32
390.08
555.42
351.21
308.89
331.70
332.61
272.69
319.22
326.04
354.35
329.68
446.32
359.96
388.16
408.86
397.03
406.23
373.44
437.13
420.46
389.22
421.27
436.81
391.26
338.36
348.69
387.13
335.45
382.52
356.00
385.35
334.81
398.42
490.64
335.40
427.98
412.35
335.52
337.03
335.75
337.98
392.25
334.98
335.37
338.32
358.75
352.39
369.24
391.51
405.23
357.53
393.87
337.09
482.83
403.07
468.95
455.04
366.14
345.52
449.95
386.00
439.55
412.11
330.48
413.42
351.56
403.64
329.04
358.71
385.06
424.66
414.80
417.54
439.06
330.30
389.81
372.62
336.12
329.87
329.30
406.32
332.09
352.01
353.40
365.45
487.95
326.50
341.56
397.61
402.67
399.37
413.12
369.02
382.54
398.65
347.70
346.24
373.23
334.10
445.91
330.93
327.17
400.57
348.05
415.98
352.77
419.13
338.86
429.19
336.86
357.99
347.76
399.80
393.27
307.40
298.12
555.24
480.78
311.79
320.56
482.70
354.03
341.42
484.85
352.35
396.10
424.18
370.49
330.31
357.26
324.32
365.79
354.30
352.42
562.04
313.00
330.12
319.91
347.83
326.53
322.26
389.05
296.77
313.65
288.71
345.00
425.67
393.48
356.79
347.16
314.28
402.06
510.78
320.92
315.91
331.43
307.01
753.77
390.52
791.26
490.71
389.54
386.23
424.89
382.58
387.11
421.73
371.04
378.44
387.64
402.50
601.42
423.81
487.47
438.89
367.64
378.18
393.50
372.82
363.20
399.82
368.34
397.70
352.01
786.62
359.05
407.27
493.56
477.31
572.18
434.46
379.24
413.82
518.86
585.42
486.01
393.29
437.04
409.67
401.89
638.56
356.36
451.30
375.72
367.47
369.39
632.88
573.51
403.63
427.42
371.64
430.49
496.64
572.07
464.08
419.54
362.13
457.25
410.76
674.08
363.37
440.87
542.70
489.02
357.84
455.72
624.38
519.10
574.69
481.78
429.29
414.93
515.57
429.60
403.45
403.03
393.05
558.01
445.77
467.81
929.37
454.45
423.56
425.76
362.67
400.59
416.73
493.95
435.84
358.85
394.47
389.22
460.50
425.39
472.02
380.70
414.78
412.85
353.07
371.37
897.45
434.01
460.23
638.79
463.19
456.42
347.90
382.59
355.49
447.32
515.14
576.83
448.18
525.33
348.20
356.57
363.68
388.80
393.66
357.49
353.42
449.41
340.60
361.82
450.55
430.34
362.13
515.50
404.60
353.56
398.49
543.66
485.77
379.38
613.74
430.18
487.39
369.50
424.35
385.40
400.76
416.06
421.13
389.43
447.37
417.62
457.93
398.79
454.39
578.19
345.60
349.96
859.71
777.82
543.49
796.91
674.11
509.29
400.25
640.74
598.60
385.26
479.88
478.41
601.13
638.72
490.86
559.89
337.39
479.57
437.66
454.53
413.54
396.41
415.41
345.95
403.07
449.69
377.91
348.02
323.13
401.28
440.28
348.57
441.60
372.82
450.18
418.04
456.12
359.55
455.91
427.76
430.87
403.20
436.68
414.51
436.97
404.31
368.50
474.06
434.08
426.75
705.14
465.65
414.49
326.81
473.40
452.40
476.78
472.72
367.31
330.03
441.94
321.56
373.14
379.83
420.32
364.30
493.74
383.64
496.12
569.43
405.19
340.08
439.43
392.52
510.99
375.43
473.09
336.00
387.64
378.35
486.58
430.53
424.77
366.44
354.63
530.56
382.47
463.11
409.14
451.90
415.17
477.96
343.11
379.34
465.55
403.38
371.79
466.76
365.03
505.71
468.47
370.99
351.23
554.93
412.06
388.48
345.70
399.72
540.86
350.83
584.02
416.54
437.76
450.61
387.03
375.23
384.17
496.77
374.04
491.10
454.75
351.41
377.71
377.70
604.75
414.43
525.62
487.06
625.02
460.72
369.03
443.66
397.32
419.25
449.46
520.35
488.11
383.14
365.26
361.70
724.16
401.16
620.41
437.47
481.60
497.90
546.47
401.58
386.31
507.25
405.85
441.36
498.24
498.41
393.90
382.80
473.20
392.73
369.84
494.39
415.13
361.54
395.60
386.11
444.42
351.62
487.75
499.28
521.43
424.10
390.13
435.10
362.92
563.30
372.32
617.81
456.46
374.15
551.28
402.62
355.16
433.54
421.17
489.35
545.26
448.67
763.19
458.54
479.24
517.11
383.91
423.09
421.51
465.67
409.69
538.01
565.97
367.26
482.74
399.96
504.92
429.07
373.89
361.80
360.53
386.90
382.75
484.44
456.34
514.99
407.56
452.31
406.66
378.75
368.88
403.30
635.69
464.18
479.06
432.92
425.74
413.19
431.98
374.67
434.31
393.94
377.99
356.75
347.98
658.51
501.18
507.88
450.85
397.31
456.59
356.45
519.85
386.11
382.06
413.43
506.59
718.91
378.61
342.54
424.41
525.85
670.49
563.73
405.87
438.87
456.45
411.76
572.71
461.68
410.54
552.02
358.42
447.84
373.68
465.34
504.80
482.18
411.70
416.76
344.39
351.36
357.76
372.46
414.90
369.59
337.86
779.67
382.24
397.83
341.09
423.93
336.77
349.20
366.03
429.51
513.41
427.08
393.58
530.09
430.87
504.57
412.75
404.91
423.91
582.23
402.21
396.38
446.22
430.78
392.91
381.05
397.59
432.07
379.54
383.57
794.17
587.14
657.14
548.78
402.69
403.99
427.85
505.06
412.66
413.50
462.91
390.57
893.74
430.56
387.18
365.64
512.73
485.12
477.96
438.09
398.90
366.51
463.09
394.21
395.02
533.83
411.77
564.26
481.64
425.95
440.81
428.79
874.44
389.72
412.95
401.30
396.18
490.22
375.29
508.31
612.28
427.55
374.36
380.65
615.76
380.78
401.05
402.24
452.21
375.40
378.33
432.54
373.16
456.86
480.24
521.86
451.65
628.75
405.89
423.04
381.98
431.14
419.41
413.85
407.88
413.99
489.34
434.75
409.22
435.24
374.81
397.42
528.79
411.42
386.34
424.78
559.68
458.54
487.34
470.23
562.70
464.25
447.35
411.18
525.50
606.29
462.59
476.42
458.38
517.30
407.05
387.49
412.61
619.74
486.63
443.09
359.59
566.42
367.41
373.04
592.79
507.48
363.00
646.70
457.85
544.81
443.78
504.54
421.80
363.48
388.88
570.72
430.07
394.64
485.55
474.89
451.39
403.33
365.07
406.41
370.31
370.07
607.16
390.07
503.09
503.11
530.60
452.41
485.10
446.44
523.35
609.60
502.01
415.65
541.60
487.24
468.22
433.54
370.60
529.90
357.99
414.56
444.28
504.42
403.55
414.23
462.97
453.60
362.80
352.79
383.84
376.74
415.50
389.41
423.60
328.45
549.36
326.26
308.38
384.88
363.38
400.16
405.47
374.77
366.49
322.83
344.12
379.26
391.57
436.85
328.69
423.77
409.97
313.26
318.12
317.04
348.89
376.60
452.23
313.71
373.38
347.63
409.69
348.58
363.54
341.44
315.99
358.53
401.00
319.69
370.29
372.10
371.12
328.41
318.26
329.64
362.96
324.42
318.05
311.03
422.21
295.26
339.78
355.45
328.46
322.96
327.31
354.24
388.74
343.28
410.99
346.10
367.08
363.32
314.74
310.51
552.21
331.42
346.94
308.48
324.61
323.66
306.74
386.19
327.84
318.89
305.09
349.69
377.02
411.00
345.86
379.51
340.21
337.74
331.25
342.30
325.53
377.12
344.81
303.87
358.65
354.93
337.98
313.21
298.00
318.18
289.32
407.77
284.04
425.96
317.33
308.13
390.95
397.99
299.09
317.56
311.30
293.07
328.09
335.69
659.31
494.56
362.00
515.24
498.32
482.73
395.38
376.38
401.37
418.49
435.22
584.17
610.42
316.60
488.89
374.33
449.11
324.77
338.52
562.68
499.46
554.23
433.92
354.30
340.78
368.01
399.05
331.91
378.56
378.86
528.25
356.84
479.48
406.73
379.93
487.04
412.80
476.62
362.36
441.61
388.53
337.59
357.10
441.39
790.71
388.10
342.24
371.19
429.00
399.37
371.80
336.09
390.12
502.99
498.58
513.91
344.77
515.63
382.55
460.78
391.18
368.79
469.32
345.88
355.85
375.60
484.69
349.61
374.38
373.28
342.58
327.07
331.85
362.52
381.19
330.07
381.93
355.16
356.25
334.37
398.60
322.02
328.63
350.28
378.28
350.17
346.22
356.81
364.01
367.60
356.06
364.45
359.98
298.74
309.80
366.41
294.06
310.45
291.62
328.32
355.53
314.55
328.89
319.60
366.22
300.60
353.82
329.66
393.74
315.14
327.99
345.24
368.89
333.39
350.78
337.44
363.46
341.05
324.55
339.46
328.84
315.33
341.34
351.66
292.70
344.21
330.79
399.82
344.60
309.37
329.67
353.56
309.15
301.55
336.93
292.25
329.77
331.01
346.45
315.48
343.38
324.33
288.00
348.51
354.81
375.77
352.81
353.45
384.47
344.01
357.33
347.03
345.75
358.74
306.91
375.79
341.54
323.35
327.16
329.24
339.37
350.58
391.78
317.43
305.46
318.06
336.99
336.65
356.12
335.01
348.21
313.18
338.83
350.46
327.64
351.85
334.46
333.89
358.82
363.78
383.22
358.51
300.72
339.87
361.80
351.81
354.89
360.66
291.85
300.13
323.69
292.24
304.48
325.87
336.73
364.38
348.49
396.23
337.63
347.88
285.46
305.43
319.85
284.45
331.74
372.26
324.10
305.42
313.44
339.16
335.53
329.89
283.94
328.34
277.93
332.91
341.58
323.90
448.53
387.93
399.99
381.90
413.43
354.66
363.51
386.26
336.17
387.72
501.63
435.64
395.65
344.69
507.52
559.03
461.34
435.57
341.76
328.57
384.33
359.24
520.36
428.26
380.45
350.87
407.19
367.30
533.58
411.70
358.44
398.00
446.90
361.01
477.90
344.93
355.26
365.78
362.66
543.59
363.38
357.74
331.61
347.85
480.19
411.27
485.86
343.40
394.86
334.38
340.39
414.20
399.97
346.52
425.45
358.14
353.78
460.81
722.70
473.23
366.70
391.77
325.16
352.95
325.68
329.22
324.24
343.30
478.26
560.94
490.90
369.72
440.51
357.60
345.52
363.70
334.59
345.72
353.12
418.86
334.70
378.55
430.49
376.88
329.20
364.81
354.41
452.00
485.89
362.30
439.68
512.71
438.42
418.68
359.23
356.78
487.98
417.61
401.62
543.52
386.05
422.69
347.44
340.12
444.71
345.61
401.01
393.61
397.31
474.49
349.93
324.46
417.13
408.55
315.98
335.47
433.69
368.24
377.84
323.29
324.32
323.51
335.38
336.78
407.86
371.58
311.80
322.43
327.36
310.28
461.59
325.79
388.75
347.56
456.61
348.63
372.88
423.75
386.03
342.12
408.83
312.38
347.38
372.19
461.59
310.85
378.35
340.86
313.25
380.67
397.33
314.24
439.42
332.29
477.63
474.29
330.54
375.64
474.77
438.43
448.03
340.20
366.55
341.55
313.78
335.72
409.17
362.39
392.82
321.55
330.54
353.60
315.01
310.21
538.38
448.10
315.61
428.51
348.14
379.69
333.51
347.42
338.64
378.44
395.12
360.69
413.72
542.20
310.52
486.80
454.80
370.81
377.86
337.88
395.89
384.22
370.50
350.13
496.91
358.39
474.97
453.25
488.40
353.45
379.15
354.63
434.17
357.79
350.11
356.01
397.92
340.12
435.36
350.45
479.26
458.71
378.96
398.58
420.64
510.52
360.26
378.36
362.61
379.17
350.96
388.70
349.31
415.64
464.37
342.77
707.77
395.82
366.92
344.89
496.87
350.80
475.36
422.64
363.55
381.83
396.96
465.55
399.49
343.27
445.01
375.93
331.02
310.73
495.92
456.14
529.82
471.98
343.67
491.11
402.73
362.65
349.52
400.37
394.17
403.98
388.06
401.39
382.97
356.25
374.28
404.09
355.59
394.65
365.49
331.70
672.64
342.00
414.69
366.72
369.40
390.92
450.72
355.60
346.11
356.98
392.82
339.23
348.81
445.00
350.00
422.88
357.53
373.91
357.99
331.89
334.93
339.83
365.94
368.13
374.80
388.29
372.94
393.21
452.32
405.23
371.71
559.50
383.52
509.55
357.33
385.92
533.64
423.42
392.49
419.29
512.32
381.68
357.01
364.04
372.32
470.71
393.48
536.33
359.60
409.28
429.35
391.82
357.58
596.02
391.81
562.69
740.89
404.86
450.74
356.71
519.89
429.98
516.94
353.87
378.98
397.49
431.59
364.43
352.58
403.47
367.42
499.89
470.91
441.41
520.17
386.67
387.96
370.38
525.66
364.46
449.98
524.02
357.49
365.46
406.04
472.67
418.04
455.76
354.61
401.68
357.05
516.28
517.34
407.99
410.01
487.73
372.31
360.01
383.56
529.10
409.36
476.61
468.33
362.71
365.45
486.49
476.49
479.76
426.34
455.61
375.61
409.05
352.34
396.38
351.26
347.78
336.60
356.74
332.06
375.00
483.46
416.05
348.52
337.76
344.96
409.74
385.61
379.73
450.07
441.74
370.10
360.21
359.32
348.83
378.91
372.70
398.86
390.18
357.84
350.96
335.15
362.42
348.93
445.23
367.58
406.05
418.48
352.12
363.16
347.76
360.62
384.72
417.81
376.58
344.73
340.89
394.09
487.84
403.86
362.18
415.66
406.41
348.47
364.88
364.68
367.42
399.66
363.54
352.18
346.58
422.95
357.45
378.47
359.04
374.36
1236.90
390.63
677.46
472.28
406.00
533.92
443.35
594.15
491.99
677.20
448.36
556.71
555.38
612.80
404.89
445.19
943.19
435.51
683.39
439.19
419.10
671.40
544.54
397.67
582.28
460.66
481.37
520.35
446.37
393.43
564.15
437.52
381.33
365.70
637.18
596.07
560.12
366.24
461.02
831.05
386.11
400.73
424.69
456.68
463.21
435.14
407.13
361.62
461.87
538.33
419.76
374.14
359.92
415.58
416.35
573.79
515.36
517.88
450.90
478.38
428.78
407.10
396.75
432.57
383.45
366.95
357.44
438.60
409.19
416.93
405.93
355.83
492.76
385.18
360.87
578.69
444.72
517.25
463.03
530.16
379.52
409.05
451.29
559.27
511.11
465.36
384.49
415.84
423.97
398.17
430.65
305.68
1041.30
388.75
397.09
378.91
435.63
465.82
882.75
420.74
445.17
416.17
482.59
474.80
437.04
437.58
484.38
460.23
477.48
536.35
415.47
332.95
362.72
323.04
326.87
358.50
315.59
342.77
283.67
304.15
287.22
329.83
317.13
276.66
325.35
332.00
338.51
343.02
279.26
307.97
267.41
309.46
317.29
308.72
317.60
285.80
286.75
328.03
321.53
354.76
333.94
283.79
343.12
322.71
286.81
309.53
345.14
377.54
268.49
308.75
295.22
280.38
445.36
404.60
428.01
367.38
373.57
388.61
359.16
353.45
342.92
372.08
489.85
481.00
341.56
397.64
340.76
381.57
368.32
425.87
378.70
452.87
395.66
335.00
439.23
382.64
423.11
379.32
342.48
466.77
387.63
335.08
378.33
414.62
359.02
334.76
373.83
343.98
355.00
516.16
386.81
405.13
342.42
520.81
385.67
382.23
435.27
415.02
354.89
328.15
383.65
365.96
335.46
503.29
450.05
357.95
338.68
448.57
470.47
345.20
337.70
349.73
422.27
418.01
375.24
386.75
421.62
321.33
425.85
359.15
346.45
349.72
451.72
535.44
316.21
351.08
389.91
319.71
320.11
347.39
364.78
398.69
389.63
424.68
368.11
476.73
380.17
329.18
419.57
380.09
348.13
368.26
343.17
342.86
365.14
357.97
400.82
326.04
352.32
439.30
403.94
280.54
496.51
469.29
398.91
320.30
562.89
390.19
381.75
465.14
472.06
339.41
406.04
393.30
674.05
440.30
436.64
399.55
364.00
404.29
451.26
508.82
454.15
394.24
333.08
354.28
384.93
336.00
520.54
551.04
580.13
496.17
379.71
400.17
383.65
383.17
366.81
383.30
407.94
424.11
354.64
362.30
425.03
330.61
354.19
363.07
344.63
384.88
383.34
330.04
308.49
383.23
359.59
391.66
332.74
334.38
306.39
342.63
300.28
372.27
333.59
385.36
404.99
329.64
446.15
517.33
385.58
449.76
489.43
373.89
365.35
398.84
443.56
345.72
280.44
464.09
379.97
390.89
391.66
389.53
384.06
415.48
323.80
506.66
331.93
346.13
372.57
354.70
389.57
348.01
345.78
363.60
351.62
340.80
301.11
513.20
467.61
424.85
490.63
456.51
404.48
427.99
438.85
453.01
591.23
402.18
322.61
344.44
388.48
550.75
404.90
417.46
373.67
473.12
355.74
404.68
383.55
317.60
294.25
340.75
373.32
299.43
363.78
349.35
488.54
401.42
336.85
328.79
403.69
406.29
382.85
385.54
311.39
337.59
489.29
352.20
467.08
376.41
387.85
422.75
350.68
360.64
378.20
353.67
389.85
395.93
417.38
522.34
561.86
403.09
420.43
366.19
435.59
458.16
418.40
370.71
453.77
315.38
457.03
419.79
365.25
313.38
380.10
390.89
407.73
466.42
307.90
360.42
444.74
316.58
290.21
345.34
320.77
409.08
342.47
406.27
414.93
478.85
363.89
327.46
391.00
299.95
283.30
375.01
386.34
552.32
318.99
364.93
309.92
338.95
367.80
327.63
337.44
341.93
392.52
431.40
439.88
372.95
321.91
328.82
329.92
333.80
407.60
421.75
349.79
494.11
344.44
431.38
341.50
452.03
309.64
352.72
430.29
540.74
390.36
348.20
348.26
341.68
414.70
279.66
397.10
317.77
346.11
288.41
414.28
368.81
350.42
353.67
313.29
395.91
302.54
280.43
371.06
367.25
350.30
363.37
478.07
511.23
421.64
430.63
448.78
354.47
396.21
326.78
377.15
417.50
395.16
366.36
382.40
364.72
338.73
469.28
341.43
338.07
371.22
333.95
367.35
371.41
420.42
317.42
453.42
494.87
499.85
348.85
330.67
403.02
367.66
316.19
446.54
370.96
324.75
429.72
345.59
414.24
346.49
460.18
344.75
344.14
367.48
381.24
417.10
381.92
341.42
413.77
437.59
321.76
340.60
449.73
320.12
373.53
297.87
289.20
307.74
310.54
320.14
343.16
416.72
389.49
390.81
349.99
301.63
342.39
304.85
303.51
296.55
306.11
333.21
359.18
315.71
403.97
352.47
361.92
378.78
395.36
336.63
432.59
332.66
352.53
354.65
445.32
327.43
374.34
471.64
343.27
371.22
348.88
320.69
271.79
527.59
419.55
465.18
391.50
359.19
390.96
504.75
368.76
502.33
470.91
374.08
376.43
541.00
503.90
425.24
492.70
370.39
474.56
364.00
373.02
406.82
367.02
385.43
347.45
365.93
407.44
371.45
421.98
381.08
368.14
521.03
369.07
530.23
437.05
365.20
367.21
367.68
405.53
418.95
383.56
397.34
373.47
492.57
375.21
542.65
471.17
420.44
464.83
411.01
514.87
454.00
487.10
477.44
398.98
373.58
392.86
372.19
427.90
365.67
365.33
455.97
361.87
366.17
404.44
365.40
409.34
363.79
388.05
415.99
498.18
543.66
375.17
630.78
562.90
382.19
387.05
386.86
497.87
557.98
389.50
457.79
381.40
376.17
398.50
406.19
551.61
366.06
379.39
439.19
533.51
395.27
385.50
559.41
445.69
494.47
367.96
390.10
495.26
340.14
349.30
364.91
429.68
475.56
360.19
530.74
440.67
535.55
368.51
355.30
372.94
443.67
418.11
541.10
427.41
536.25
389.16
358.05
362.89
573.15
370.69
350.32
466.70
396.64
438.87
383.93
454.96
475.31
458.32
409.73
363.02
445.59
525.64
362.80
374.11
369.78
392.66
421.94
366.40
385.48
363.13
363.72
361.86
401.15
361.79
405.09
483.53
385.63
419.00
409.33
574.01
391.80
518.48
357.30
523.53
380.44
379.31
355.37
426.44
361.42
410.28
364.44
452.90
384.77
389.08
377.91
376.00
500.38
513.83
490.40
374.38
529.00
486.25
405.59
357.78
356.57
365.95
422.87
519.46
514.94
366.08
465.20
359.63
449.39
453.48
384.10
351.88
411.11
626.76
376.66
414.58
437.98
398.46
454.45
367.56
351.97
505.70
495.54
498.89
461.31
406.89
376.83
379.81
396.78
429.24
377.26
500.21
507.82
398.34
422.61
538.02
376.50
404.89
363.26
361.16
435.78
426.69
361.43
362.46
363.43
373.47
364.09
493.14
509.24
383.65
456.06
512.15
415.35
363.86
426.72
514.65
472.15
410.20
512.85
496.12
372.76
450.22
487.82
368.30
408.58
474.51
384.98
385.85
388.76
518.59
367.38
529.62
377.21
418.18
348.74
376.61
342.77
511.77
482.09
394.71
406.84
351.44
322.03
398.93
351.41
347.28
386.35
364.17
335.79
411.18
354.58
326.42
329.02
352.05
337.77
372.40
409.08
371.55
341.36
329.31
397.95
328.20
339.13
324.43
349.82
331.31
317.75
354.68
360.85
357.32
343.66
353.41
327.29
390.56
326.46
351.66
377.19
347.29
478.32
381.90
365.83
508.62
358.57
365.26
406.50
381.69
405.44
506.71
387.72
344.98
419.53
395.32
396.47
347.08
421.20
345.52
386.79
346.45
359.42
345.56
341.68
340.61
341.15
342.33
348.00
353.21
398.56
364.79
384.49
406.99
355.54
369.45
358.76
356.18
373.18
377.79
376.80
363.72
394.79
379.94
381.60
374.04
366.96
386.58
354.73
373.74
370.99
354.78
409.38
388.13
385.05
389.11
351.83
379.58
395.27
382.25
365.90
389.48
381.94
370.25
362.80
368.02
369.35
365.66
357.30
358.16
357.99
389.06
413.09
374.12
375.16
372.38
390.32
374.80
373.06
383.20
365.48
376.94
364.12
375.94
369.21
372.91
381.81
395.34
422.77
491.95
614.35
518.17
379.53
578.08
528.16
575.42
423.65
394.41
514.01
609.50
790.25
723.14
399.95
535.61
428.86
914.99
479.15
476.92
422.38
520.48
441.30
467.23
377.41
394.39
639.12
464.66
490.99
700.64
712.04
534.31
382.69
456.25
795.04
690.06
492.22
460.44
580.40
413.69
491.27
795.60
450.29
561.08
651.49
448.20
527.80
444.88
552.45
403.74
667.05
625.78
633.50
432.58
414.86
403.85
380.19
639.05
389.67
460.22
542.20
484.16
578.53
400.40
515.31
448.59
415.72
541.58
512.40
799.20
595.20
499.47
820.07
532.65
510.88
518.33
546.81
797.59
946.63
766.25
656.11
522.87
535.20
575.00
572.85
803.27
674.57
509.77
567.33
715.34
644.19
590.29
529.01
530.49
611.67
470.63
473.62
527.00
475.32
458.90
460.20
544.80
804.94
694.54
526.85
502.74
888.99
483.03
580.80
458.68
396.21
357.40
370.94
382.81
383.21
350.80
360.40
386.51
363.92
357.26
350.71
345.94
352.47
386.30
400.90
349.35
364.01
406.69
358.50
416.42
359.94
344.87
392.65
340.45
445.00
331.25
333.09
348.73
405.67
341.53
375.83
463.80
418.27
509.49
506.67
352.72
410.73
347.30
393.59
386.88
377.61
370.34
360.46
370.73
484.66
539.99
488.85
374.37
456.18
465.53
360.35
453.18
456.01
361.18
343.39
348.19
396.06
394.64
431.82
529.38
339.27
508.00
375.11
399.02
402.70
449.65
446.93
350.46
543.10
380.57
330.41
369.54
329.54
329.04
375.18
378.31
327.07
332.11
326.66
327.94
356.43
327.92
347.83
328.92
346.38
344.91
329.22
335.33
368.46
373.61
345.06
327.05
327.78
331.96
347.68
345.17
391.90
331.58
350.82
334.59
338.33
330.17
328.82
338.95
329.96
331.51
335.17
330.43
356.87
357.60
428.31
336.81
418.73
384.40
487.08
352.21
328.94
351.44
336.51
335.28
388.02
349.33
344.84
342.41
348.22
363.94
379.19
344.86
349.17
367.23
342.73
371.95
370.42
358.60
380.37
346.12
337.51
369.95
362.20
338.11
358.24
451.72
393.96
421.97
392.44
424.13
345.69
388.68
391.38
338.00
349.94
370.40
373.53
367.82
408.22
379.10
422.79
345.96
484.78
360.62
336.69
344.82
355.65
351.01
473.37
435.95
356.68
411.00
325.72
388.23
390.70
458.41
462.08
401.81
370.47
391.71
351.06
454.54
396.74
449.96
455.14
336.76
479.09
713.31
542.85
779.73
362.11
451.57
371.85
380.07
745.89
745.96
730.46
489.45
565.68
738.09
537.23
482.12
486.64
620.28
496.30
588.87
759.08
534.70
498.00
842.33
733.54
699.84
617.44
586.64
618.23
440.55
431.56
413.89
579.99
420.12
519.28
415.32
422.74
455.89
813.12
798.27
484.91
709.63
746.07
468.66
569.90
453.10
738.56
431.24
396.29
624.72
513.79
392.70
501.72
559.82
418.38
439.50
458.90
430.82
486.98
397.32
648.55
540.99
446.80
584.44
459.85
476.60
522.35
602.14
446.12
455.65
435.19
415.30
452.56
427.22
583.14
491.47
542.04
425.63
457.20
435.06
462.34
595.88
716.36
528.43
400.11
464.47
597.77
410.15
549.57
457.41
407.76
509.82
406.09
444.40
601.87
437.95
477.57
540.73
485.79
476.99
438.09
420.96
428.06
413.91
563.61
577.61
473.14
551.88
471.52
422.90
419.37
392.02
402.20
448.71
437.80
425.39
665.77
547.30
542.93
418.17
409.75
390.17
395.85
394.24
436.01
421.17
451.40
378.58
406.57
362.48
332.97
397.87
393.15
344.09
333.08
549.23
331.69
320.90
395.92
378.31
422.77
352.53
344.44
343.25
347.96
390.90
383.64
321.74
336.48
329.14
358.46
345.62
558.77
321.58
358.24
440.38
355.71
281.15
433.60
331.15
352.63
367.48
404.63
375.73
400.05
343.93
343.68
385.75
304.03
326.39
394.06
379.88
343.05
384.90
337.92
340.77
338.54
327.96
413.51
382.54
336.83
352.16
341.82
395.61
396.40
342.71
342.63
387.15
412.15
349.81
358.63
357.49
361.01
378.70
428.08
398.86
330.90
343.72
377.50
375.83
329.49
350.93
331.43
363.67
311.21
420.01
413.90
347.16
358.40
357.41
409.71
387.13
360.87
430.09
427.13
314.86
350.25
325.95
492.13
440.94
456.20
510.06
573.25
386.79
581.49
359.22
424.62
360.36
447.30
431.96
457.82
480.08
470.46
507.05
478.81
492.69
493.34
438.88
513.15
569.94
357.56
475.78
454.33
554.72
669.11
366.59
330.76
327.37
327.09
326.70
330.98
324.99
462.68
391.96
395.82
410.58
407.92
404.94
